3 0584002422
3 0584002440
3 0584003304
3 0584003440
3 0584003443
3 0584004220
3 0584004470
3 0584004480
3 0584005504
3 0584006440
3 0584007044
3 0584007077
3 0584007440
3 0584007477
3 0584008440
3 0584009044
3 0584009440
3 0584009449
3 0584009499
3 0584009949
3 0584011400
3 0584011440
3 0584011441
3 0584014411
3 0584022442
3 0584024400
3 0584024422
3 0584033400
3 0584034400
3 0584041110
3 0584043300
3 0584044100
3 0584044330
3 0584044600
3 0584044660
3 0584044700
3 0584044800
3 0584044880
3 0584044900
3 0584045550
3 0584049990
3 0584049994
3 0584054455
3 0584060044
3 0584064400
3 0584064466
3 0584066004
3 0584066446
3 0584074400
3 0584077004
3 0584077447
3 0584094400
3 0584094499
3 0584099400
3 0584099440
3 0584099449
3 0584110040
3 0584110441
3 0584111242
3 0584111434
3 0584111454
3 0584111464
3 0584111474
3 0584111747
3 0584112241
3 0584112242
3 0584112441
3 0584112442
3 0584113441
3 0584113443
3 0584114331
3 0584114334
3 0584114451
3 0584114461
3 0584114471
3 0584114481
3 0584114491
3 0584114551
3 0584114661
3 0584114881
3 0584114994
3 0584115144
3 0584115441
3 0584115455
3 0584115514
3 0584115541
3 0584116144
3 0584116166
3 0584116466
3 0584116614
3 0584116646
3 0584117144
3 0584117177
3 0584117441
3 0584117447
3 0584117477
3 0584117714
3 0584117741
3 0584117747
3 0584118144
3 0584118188
3 0584118441
3 0584118488
3 0584118848
3 0584119144
3 0584119199
3 0584119499
3 0584119914
3 0584119941
3 0584121144
3 0584122411
3 0584122441
3 0584131144
3 0584133411
3 0584133441
3 0584133443
3 0584134433
3 0584141133
3 0584141188
3 0584143334
3 0584144001
3 0584144211
3 0584144221
3 0584144311
3 0584144331
3 0584144511
3 0584144551
3 0584144611
3 0584144661
3 0584144711
3 0584144811
3 0584144911
3 0584144991
3 0584145511
3 0584146611
3 0584146661
3 0584147771
3 0584149911
3 0584149991
3 0584149994
3 0584154411
3 0584154455
3 0584155114
3 0584155411
3 0584155441
3 0584164411
3 0584164466
3 0584166114
3 0584166441
3 0584166446
3 0584171144
3 0584174477
3 0584177114
3 0584177441
3 0584177447
3 0584181144
3 0584184411
3 0584184488
3 0584188114
3 0584188411
3 0584191144
3 0584194411
3 0584194499
3 0584199449
3 0584211224
3 0584211422
3 0584211441
3 0584211442
3 0584220024
3 0584220040
3 0584220244
3 0584220442
3 0584221124
3 0584221141
3 0584221142
3 0584221211
3 0584221411
3 0584221441
3 0584221442
3 0584222434
3 0584222949
3 0584223244
3 0584223442
3 0584224114
3 0584224402
3 0584224432
3 0584224462
3 0584224492
3 0584224554
3 0584224772
3 0584224774
3 0584224882
3 0584224992
3 0584225244
3 0584225255
3 0584225455
3 0584225524
3 0584225542
3 0584226244
3 0584226266
3 0584226442
3 0584226466
3 0584226642
3 0584226646
3 0584227442
3 0584227477
3 0584227747
3 0584228288
3 0584228442
3 0584228448
3 0584228488
3 0584228848
3 0584229244
3 0584229442
3 0584229449
3 0584229924
3 0584232244
3 0584233422
3 0584233442
3 0584233443
3 0584234433
3 0584242277
3 0584242288
3 0584242299
3 0584243332
3 0584243334
3 0584244002
3 0584244022
3 0584244112
3 0584244322
3 0584244332
3 0584244522
3 0584244622
3 0584244662
3 0584244772
3 0584244822
3 0584244882
3 0584244992
3 0584245552
3 0584245554
3 0584246622
3 0584246662
3 0584248882
3 0584249992
3 0584252244
3 0584254422
3 0584254455
3 0584255224
3 0584255422
3 0584255442
3 0584255445
3 0584262244
3 0584266224
3 0584266422
3 0584274422
3 0584274477
3 0584277224
3 0584277442
3 0584277447
3 0584288422
3 0584288442
3 0584292244
3 0584294422
3 0584294499
3 0584299224
3 0584299422
3 0584299442
3 0584299449
3 0584300433
3 0584300443
3 0584303344
3 0584311334
3 0584311441
3 0584311443
3 0584313344
3 0584314433
3 0584322334
3 0584322433
3 0584322442
3 0584323344
3 0584330400
3 0584331141
3 0584331143
3 0584331311
3 0584331411
3 0584331443
3 0584332234
3 0584332242
3 0584332243
3 0584332422
3 0584332442
3 0584332443
3 0584333454
3 0584333464
3 0584333474
3 0584333949
3 0584334003
3 0584334113
3 0584334223
3 0584334403
3 0584334423
3 0584334453
3 0584334473
3 0584334483
3 0584334554
3 0584334663
3 0584334774
3 0584334994
3 0584335344
3 0584335355
3 0584335443
3 0584335455
3 0584335534
3 0584336344
3 0584336366
3 0584336443
3 0584336643
3 0584336646
3 0584337477
3 0584337734
3 0584337743
3 0584337747
3 0584338344
3 0584338443
3 0584338448
3 0584338488
3 0584338834
3 0584338843
3 0584339443
3 0584339499
3 0584339943
3 0584339949
3 0584340004
3 0584340033
3 0584341113
3 0584341133
3 0584343311
3 0584344033
3 0584344113
3 0584344223
3 0584344233
3 0584344533
3 0584344633
3 0584344663
3 0584344733
3 0584344993
3 0584346663
3 0584347733
3 0584347773
3 0584347774
3 0584348883
3 0584348884
3 0584349933
3 0584349993
3 0584354455
3 0584355334
3 0584355433
3 0584364433
3 0584364466
3 0584366334
3 0584366433
3 0584366446
3 0584373344
3 0584374433
3 0584374477
3 0584377334
3 0584377443
3 0584377447
3 0584383344
3 0584384488
3 0584388433
3 0584388443
3 0584388448
3 0584393344
3 0584394499
3 0584399334
3 0584399433
3 0584399443
3 0584399449
3 0584400141
3 0584400340
3 0584400343
3 0584400604
3 0584400646
3 0584400704
3 0584400904
3 0584400909
3 0584400949
3 0584403004
3 0584403433
3 0584404033
3 0584404220
3 0584404330
3 0584404660
3 0584404900
3 0584405004
3 0584405455
3 0584405545
3 0584406466
3 0584406646
3 0584407477
3 0584407747
3 0584408400
3 0584408488
3 0584408848
3 0584409004
3 0584409099
3 0584409499
3 0584409940
3 0584410400
3 0584411314
3 0584411343
3 0584411421
3 0584411431
3 0584411451
3 0584411461
3 0584411471
3 0584411481
3 0584411491
3 0584411614
3 0584411641
3 0584411646
3 0584411741
3 0584411814
3 0584411848
3 0584411914
3 0584411949
3 0584412114
3 0584412122
3 0584412241
3 0584412422
3 0584413114
3 0584413341
3 0584413411
3 0584413433
3 0584414100
3 0584414110
3 0584414115
3 0584414116
3 0584414117
3 0584414118
3 0584414119
3 0584414166
3 0584414188
3 0584414211
3 0584414221
3 0584414311
3 0584414511
3 0584414551
3 0584414611
3 0584414711
3 0584414771
3 0584414811
3 0584414911
3 0584414991
3 0584415114
3 0584415455
3 0584415541
3 0584416166
3 0584416466
3 0584416641
3 0584416646
3 0584417114
3 0584417411
3 0584417477
3 0584418114
3 0584418411
3 0584418488
3 0584418841
3 0584418848
3 0584419114
3 0584419199
3 0584419411
3 0584419499
3 0584420224
3 0584420400
3 0584421141
3 0584421211
3 0584421224
3 0584421411
3 0584421422
3 0584422024
3 0584422042
3 0584422412
3 0584422452
3 0584422472
3 0584422492
3 0584422524
3 0584422624
3 0584422642
3 0584422724
3 0584422742
3 0584422747
3 0584423224
3 0584423342
3 0584423343
3 0584423422
3 0584424002
3 0584424022
3 0584424122
3 0584424220
3 0584424221
3 0584424225
3 0584424226
3 0584424227
3 0584424228
3 0584424229
3 0584424255
3 0584424277
3 0584424288
3 0584424322
3 0584424332
3 0584424522
3 0584424662
3 0584424772
3 0584424882
3 0584425224
3 0584425422
3 0584425545
3 0584426224
3 0584426266
3 0584426422
3 0584426466
3 0584426642
3 0584426646
3 0584427422
3 0584427477
3 0584427742
3 0584427747
3 0584428224
3 0584428422
3 0584429224
3 0584429422
3 0584429499
3 0584429949
3 0584431141
3 0584432334
3 0584432422
3 0584433034
3 0584433134
3 0584433143
3 0584433242
3 0584433413
3 0584433463
3 0584433473
3 0584433493
3 0584433734
3 0584433747
3 0584433843
3 0584433848
3 0584433934
3 0584433949
3 0584434003
3 0584434113
3 0584434133
3 0584434223
3 0584434233
3 0584434300
3 0584434311
3 0584434322
3 0584434332
3 0584434335
3 0584434336
3 0584434338
3 0584434366
3 0584434399
3 0584434533
3 0584434633
3 0584434663
3 0584434833
3 0584434883
3 0584434933
3 0584434993
3 0584435334
3 0584435455
3 0584435545
3 0584436334
3 0584436466
3 0584436646
3 0584437334
3 0584437433
3 0584437477
3 0584437747
3 0584438334
3 0584438388
3 0584438433
3 0584438488
3 0584438848
3 0584439399
3 0584439499
3 0584439943
3 0584439949
3 0584450045
3 0584450554
3 0584451141
3 0584451411
3 0584451455
3 0584451554
3 0584452422
3 0584452554
3 0584453433
3 0584453455
3 0584453554
3 0584454005
3 0584454055
3 0584454115
3 0584454335
3 0584454500
3 0584454552
3 0584454553
3 0584454558
3 0584454566
3 0584454588
3 0584454655
3 0584454665
3 0584454755
3 0584454775
3 0584454855
3 0584454885
3 0584454955
3 0584454995
3 0584455054
3 0584455254
3 0584455354
3 0584455475
3 0584455745
3 0584455848
3 0584456466
3 0584456645
3 0584457477
3 0584457577
3 0584457745
3 0584457747
3 0584458848
3 0584459455
3 0584459499
3 0584459554
3 0584459599
3 0584459949
3 0584460400
3 0584460664
3 0584461141
3 0584461146
3 0584461411
3 0584461466
3 0584461664
3 0584462242
3 0584462246
3 0584462422
3 0584462622
3 0584462664
3 0584463343
3 0584463433
3 0584463466
3 0584463633
3 0584463664
3 0584464006
3 0584464066
3 0584464116
3 0584464166
3 0584464336
3 0584464366
3 0584464566
3 0584464611
3 0584464655
3 0584464661
3 0584464665
3 0584464667
3 0584464668
3 0584464669
3 0584464677
3 0584464766
3 0584464776
3 0584464866
3 0584464966
3 0584465466
3 0584465546
3 0584466040
3 0584466164
3 0584466264
3 0584466346
3 0584466406
3 0584466416
3 0584466436
3 0584466476
3 0584466564
3 0584466746
3 0584466747
3 0584466949
3 0584466964
3 0584467466
3 0584467477
3 0584467664
3 0584467677
3 0584467746
3 0584467747
3 0584468466
3 0584468664
3 0584468688
3 0584468846
3 0584469466
3 0584469499
3 0584469664
3 0584469946
3 0584469949
3 0584470040
3 0584470400
3 0584470477
3 0584470774
3 0584471141
3 0584471411
3 0584471477
3 0584471711
3 0584471774
3 0584472242
3 0584472247
3 0584472477
3 0584472722
3 0584473347
3 0584473433
3 0584473477
3 0584473733
3 0584473774
3 0584474007
3 0584474117
3 0584474177
3 0584474227
3 0584474277
3 0584474337
3 0584474377
3 0584474557
3 0584474577
3 0584474667
3 0584474677
3 0584474711
3 0584474733
3 0584474755
3 0584474772
3 0584474773
3 0584474776
3 0584474778
3 0584474779
3 0584474887
3 0584474977
3 0584474997
3 0584475477
3 0584475545
3 0584475547
3 0584476466
3 0584476646
3 0584476647
3 0584476774
3 0584477141
3 0584477174
3 0584477242
3 0584477272
3 0584477343
3 0584477347
3 0584477374
3 0584477407
3 0584477417
3 0584477437
3 0584477467
3 0584477487
3 0584477497
3 0584477545
3 0584477574
3 0584477647
3 0584477674
3 0584477676
3 0584477878
3 0584477949
3 0584477974
3 0584478774
3 0584478847
3 0584479477
3 0584479499
3 0584479774
3 0584479947
3 0584479949
3 0584480040
3 0584481411
3 0584482242
3 0584482248
3 0584482422
3 0584482488
3 0584482822
3 0584482884
3 0584483343
3 0584483488
3 0584483833
3 0584483884
3 0584484188
3 0584484228
3 0584484338
3 0584484388
3 0584484688
3 0584484778
3 0584484788
3 0584484800
3 0584484822
3 0584484882
3 0584484988
3 0584484998
3 0584485455
3 0584485545
3 0584485548
3 0584485855
3 0584486466
3 0584486488
3 0584486646
3 0584486648
3 0584486866
3 0584486884
3 0584487477
3 0584487747
3 0584487748
3 0584487884
3 0584488181
3 0584488184
3 0584488284
3 0584488348
3 0584488418
3 0584488438
3 0584489488
3 0584489499
3 0584489884
3 0584490400
3 0584490994
3 0584491141
3 0584491411
3 0584491499
3 0584492242
3 0584492249
3 0584492422
3 0584492499
3 0584492922
3 0584492994
3 0584493343
3 0584493433
3 0584493499
3 0584493994
3 0584494009
3 0584494099
3 0584494119
3 0584494299
3 0584494399
3 0584494559
3 0584494599
3 0584494669
3 0584494699
3 0584494779
3 0584494799
3 0584494889
3 0584494899
3 0584494900
3 0584494911
3 0584494922
3 0584494933
3 0584494955
3 0584494977
3 0584494988
3 0584494996
3 0584494997
3 0584494998
3 0584495455
3 0584495499
3 0584495545
3 0584495549
3 0584495955
3 0584495994
3 0584496499
3 0584496646
3 0584496649
3 0584496994
3 0584497477
3 0584497747
3 0584497977
3 0584497994
3 0584498848
3 0584498849
3 0584498988
3 0584498994
3 0584499094
3 0584499194
3 0584499242
3 0584499294
3 0584499343
3 0584499349
3 0584499393
3 0584499394
3 0584499409
3 0584499459
3 0584499469
3 0584499489
3 0584499549
3 0584499649
3 0584499747
3 0584499794
3 0584499797
3 0584499894
3 0584500445
3 0584504400
3 0584511441
3 0584511455
3 0584511554
3 0584515544
3 0584522442
3 0584522445
3 0584522554
3 0584524422
3 0584524455
3 0584525544
3 0584534455
3 0584535544
3 0584541114
3 0584541155
3 0584542225
3 0584542255
3 0584543334
3 0584543335
3 0584544005
3 0584544055
3 0584544115
3 0584544225
3 0584544335
3 0584544355
3 0584544665
3 0584544855
3 0584544955
3 0584544995
3 0584545511
3 0584545599
3 0584546665
3 0584547775
3 0584548885
3 0584549994
3 0584549995
3 0584550045
3 0584551154
3 0584551411
3 0584552442
3 0584552445
3 0584552544
3 0584553343
3 0584553345
3 0584553354
3 0584553443
3 0584553445
3 0584553544
3 0584554114
3 0584554225
3 0584554335
3 0584554465
3 0584554495
3 0584554774
3 0584554775
3 0584554994
3 0584554995
3 0584555343
3 0584555464
3 0584555949
3 0584556445
3 0584556646
3 0584556654
3 0584557445
3 0584557477
3 0584557544
3 0584557577
3 0584557745
3 0584558445
3 0584558448
3 0584558544
3 0584558854
3 0584559445
3 0584559499
3 0584559599
3 0584559945
3 0584559949
3 0584559954
3 0584565544
3 0584566445
3 0584566554
3 0584574455
3 0584574477
3 0584575544
3 0584577447
3 0584588445
3 0584588554
3 0584594455
3 0584599445
3 0584599455
3 0584599554
3 0584600446
3 0584600466
3 0584606644
3 0584611441
3 0584611446
3 0584611466
3 0584611664
3 0584614466
3 0584616644
3 0584622442
3 0584622446
3 0584622466
3 0584622664
3 0584624466
3 0584626644
3 0584633443
3 0584633446
3 0584633466
3 0584633664
3 0584634433
3 0584634466
3 0584641166
3 0584642266
3 0584643334
3 0584644166
3 0584644226
3 0584644366
3 0584644556
3 0584644566
3 0584644766
3 0584644776
3 0584644996
3 0584646611
3 0584646622
3 0584646633
3 0584646655
3 0584646688
3 0584646699
3 0584647766
3 0584648866
3 0584654466
3 0584655445
3 0584655446
3 0584655664
3 0584656644
3 0584660040
3 0584660046
3 0584660446
3 0584660644
3 0584661146
3 0584661411
3 0584661446
3 0584661644
3 0584662246
3 0584662442
3 0584662446
3 0584662622
3 0584662644
3 0584663633
3 0584664004
3 0584664114
3 0584664224
3 0584664436
3 0584664486
3 0584664496
3 0584664554
3 0584664776
3 0584664886
3 0584664994
3 0584664996
3 0584665455
3 0584665546
3 0584665564
3 0584666040
3 0584666474
3 0584666484
3 0584666848
3 0584666949
3 0584667446
3 0584667447
3 0584667644
3 0584667746
3 0584668446
3 0584668488
3 0584668644
3 0584668846
3 0584668848
3 0584668864
3 0584669446
3 0584669449
3 0584669644
3 0584669946
3 0584669949
3 0584669964
3 0584674466
3 0584677446
3 0584677447
3 0584684488
3 0584686644
3 0584688466
3 0584688664
3 0584694499
3 0584696644
3 0584699446
3 0584699449
3 0584699466
3 0584699664
3 0584699946
3 0584707744
3 0584711441
3 0584711447
3 0584711477
3 0584711774
3 0584714477
3 0584717744
3 0584722442
3 0584722447
3 0584722477
3 0584722774
3 0584724422
3 0584724477
3 0584727744
3 0584733774
3 0584734477
3 0584737744
3 0584740077
3 0584741117
3 0584741177
3 0584743334
3 0584743377
3 0584744077
3 0584744117
3 0584744227
3 0584744377
3 0584744557
3 0584744577
3 0584744677
3 0584744877
3 0584744887
3 0584744977
3 0584744997
3 0584746667
3 0584747711
3 0584747733
3 0584747755
3 0584747766
3 0584748884
3 0584749977
3 0584749997
3 0584755445
3 0584755477
3 0584755774
3 0584757744
3 0584764466
3 0584764477
3 0584766446
3 0584766477
3 0584766774
3 0584770047
3 0584770074
3 0584771141
3 0584771147
3 0584771174
3 0584771411
3 0584771447
3 0584771711
3 0584771744
3 0584772274
3 0584772422
3 0584772447
3 0584772722
3 0584772744
3 0584773343
3 0584773374
3 0584773433
3 0584773443
3 0584774004
3 0584774117
3 0584774224
3 0584774227
3 0584774407
3 0584774417
3 0584774427
3 0584774467
3 0584774487
3 0584774497
3 0584774554
3 0584774664
3 0584774667
3 0584774884
3 0584774887
3 0584774997
3 0584775447
3 0584775744
3 0584775755
3 0584776446
3 0584776447
3 0584776466
3 0584776674
3 0584776766
3 0584777404
3 0584777414
3 0584777494
3 0584777646
3 0584777848
3 0584778447
3 0584778488
3 0584778744
3 0584778788
3 0584779447
3 0584779449
3 0584779499
3 0584779947
3 0584779949
3 0584784477
3 0584787744
3 0584788447
3 0584788448
3 0584788477
3 0584794477
3 0584797744
3 0584799447
3 0584799449
3 0584799477
3 0584799774
3 0584811448
3 0584811488
3 0584814488
3 0584818844
3 0584822442
3 0584822448
3 0584822488
3 0584822884
3 0584824488
3 0584833448
3 0584833488
3 0584833884
3 0584834488
3 0584838844
3 0584840088
3 0584841188
3 0584842288
3 0584844008
3 0584844228
3 0584844338
3 0584844388
3 0584844588
3 0584844668
3 0584844688
3 0584844788
3 0584844988
3 0584844998
3 0584846664
3 0584846688
3 0584847774
3 0584847778
3 0584848811
3 0584848822
3 0584848877
3 0584848899
3 0584849994
3 0584849998
3 0584854455
3 0584854488
3 0584855488
3 0584864488
3 0584866446
3 0584866448
3 0584866488
3 0584866884
3 0584868844
3 0584874477
3 0584874488
3 0584877447
3 0584877448
3 0584877488
3 0584877884
3 0584878844
3 0584880040
3 0584880084
3 0584880440
3 0584881141
3 0584881148
3 0584881441
3 0584881448
3 0584881844
3 0584882242
3 0584882248
3 0584882448
3 0584882844
3 0584883343
3 0584883348
3 0584883384
3 0584883433
3 0584883443
3 0584884008
3 0584884118
3 0584884224
3 0584884418
3 0584884428
3 0584884478
3 0584884554
3 0584884558
3 0584884774
3 0584884778
3 0584885445
3 0584885448
3 0584885548
3 0584885855
3 0584886448
3 0584886466
3 0584886648
3 0584886684
3 0584887448
3 0584887477
3 0584887748
3 0584887844
3 0584887877
3 0584889449
3 0584889499
3 0584889899
3 0584889949
3 0584898844
3 0584899448
3 0584899449
3 0584899488
3 0584899884
3 0584900499
3 0584911441
3 0584911449
3 0584911499
3 0584919944
3 0584922442
3 0584922449
3 0584922499
3 0584922994
3 0584924422
3 0584924499
3 0584929944
3 0584933443
3 0584933449
3 0584933499
3 0584933994
3 0584934499
3 0584939944
3 0584941119
3 0584941199
3 0584942299
3 0584943334
3 0584943399
3 0584944099
3 0584944119
3 0584944199
3 0584944229
3 0584944299
3 0584944339
3 0584944399
3 0584944559
3 0584944599
3 0584944669
3 0584944699
3 0584944779
3 0584944799
3 0584944889
3 0584944899
3 0584945599
3 0584946699
3 0584947774
3 0584947779
3 0584947799
3 0584948889
3 0584948899
3 0584949933
3 0584949955
3 0584949966
3 0584949977
3 0584949988
3 0584954455
3 0584954499
3 0584955445
3 0584955449
3 0584955499
3 0584955994
3 0584959944
3 0584964466
3 0584964499
3 0584966446
3 0584966449
3 0584966499
3 0584966994
3 0584969944
3 0584974477
3 0584974499
3 0584977447
3 0584977449
3 0584977499
3 0584979944
3 0584984499
3 0584988449
3 0584988499
3 0584988994
3 0584989944
3 0584990400
3 0584990449
3 0584990944
3 0584991149
3 0584991411
3 0584991441
3 0584991449
3 0584991911
3 0584992242
3 0584992249
3 0584992294
3 0584992422
3 0584992922
3 0584992944
3 0584993343
3 0584993349
3 0584993433
3 0584993443
3 0584993449
3 0584993944
3 0584994004
3 0584994114
3 0584994119
3 0584994224
3 0584994229
3 0584994334
3 0584994339
3 0584994409
3 0584994419
3 0584994429
3 0584994439
3 0584994459
3 0584994479
3 0584994559
3 0584994669
3 0584994774
3 0584994779
3 0584994889
3 0584995445
3 0584995449
3 0584995549
3 0584995594
3 0584995944
3 0584995955
3 0584996649
3 0584996694
3 0584996944
3 0584996966
3 0584997447
3 0584997449
3 0584997747
3 0584997749
3 0584997794
3 0584997944
3 0584998448
3 0584998449
3 0584998488
3 0584998848
3 0584998849
3 0584998944
3 0584999040
3 0584999484
3 0584999747
3 0584999848
3 0585002055
3 0585002252
3 0585003350
3 0585003353
3 0585003533
3 0585003550
3 0585003553
3 0585004450
3 0585004550
3 0585005110
3 0585005995
3 0585007077
3 0585007750
3 0585007757
3 0585010055
3 0585011550
3 0585011551
3 0585015511
3 0585025522
3 0585030055
3 0585033005
3 0585033550
3 0585033553
3 0585044550
3 0585045500
3 0585045544
3 0585053300
3 0585053335
3 0585055300
3 0585055440
3 0585055660
3 0585055990
3 0585056660
3 0585058880
3 0585059995
3 0585065500
3 0585065566
3 0585066005
3 0585066500
3 0585066550
3 0585066556
3 0585075500
3 0585077005
3 0585077550
3 0585077557
3 0585080055
3 0585090055
3 0585099500
3 0585099550
3 0585099559
3 0585100551
3 0585105511
3 0585110015
3 0585110155
3 0585110550
3 0585110551
3 0585111050
3 0585111252
3 0585111525
3 0585111535
3 0585111565
3 0585111595
3 0585111757
3 0585111858
3 0585112155
3 0585112251
3 0585112522
3 0585112551
3 0585113155
3 0585113315
3 0585113351
3 0585113551
3 0585113553
3 0585114155
3 0585114415
3 0585114544
3 0585114551
3 0585114554
3 0585115221
3 0585115335
3 0585115441
3 0585115521
3 0585115531
3 0585115541
3 0585115561
3 0585115591
3 0585115771
3 0585115775
3 0585115881
3 0585115885
3 0585115991
3 0585115995
3 0585116155
3 0585116556
3 0585116566
3 0585116615
3 0585116656
3 0585117155
3 0585117551
3 0585117557
3 0585117715
3 0585117757
3 0585118188
3 0585118551
3 0585118558
3 0585118588
3 0585118815
3 0585119155
3 0585119551
3 0585119559
3 0585119915
3 0585119951
3 0585119959
3 0585121155
3 0585122511
3 0585122551
3 0585133115
3 0585135511
3 0585135533
3 0585141155
3 0585144451
3 0585144551
3 0585144554
3 0585145511
3 0585145544
3 0585151100
3 0585152211
3 0585153311
3 0585153331
3 0585155011
3 0585155311
3 0585155331
3 0585155411
3 0585155661
3 0585155711
3 0585155811
3 0585155881
3 0585155911
3 0585156661
3 0585157711
3 0585161155
3 0585165511
3 0585165566
3 0585166115
3 0585166556
3 0585171155
3 0585175511
3 0585177115
3 0585177511
3 0585181155
3 0585185511
3 0585188115
3 0585188511
3 0585188551
3 0585188558
3 0585191155
3 0585195511
3 0585195599
3 0585199115
3 0585199551
3 0585199559
3 0585200522
3 0585200550
3 0585200552
3 0585202255
3 0585205522
3 0585211225
3 0585211552
3 0585212255
3 0585215511
3 0585220255
3 0585220552
3 0585221125
3 0585221152
3 0585221211
3 0585221551
3 0585222050
3 0585222535
3 0585222575
3 0585222656
3 0585222757
3 0585222858
3 0585223233
3 0585223325
3 0585223533
3 0585224244
3 0585224255
3 0585224425
3 0585224452
3 0585224454
3 0585224544
3 0585224552
3 0585224554
3 0585225112
3 0585225332
3 0585225442
3 0585225532
3 0585225542
3 0585225562
3 0585225572
3 0585225592
3 0585225662
3 0585225772
3 0585225775
3 0585225882
3 0585226255
3 0585226266
3 0585226556
3 0585226566
3 0585226656
3 0585227557
3 0585227577
3 0585227752
3 0585228288
3 0585228552
3 0585228852
3 0585228858
3 0585229255
3 0585229299
3 0585229552
3 0585229599
3 0585229952
3 0585232255
3 0585233225
3 0585233553
3 0585235533
3 0585242255
3 0585244225
3 0585244522
3 0585244552
3 0585245522
3 0585245544
3 0585251122
3 0585252266
3 0585252288
3 0585252299
3 0585253322
3 0585253332
3 0585254442
3 0585255022
3 0585255112
3 0585255122
3 0585255322
3 0585255332
3 0585255422
3 0585255622
3 0585255662
3 0585255822
3 0585255882
3 0585255922
3 0585257722
3 0585262255
3 0585265522
3 0585265566
3 0585266225
3 0585266522
3 0585266552
3 0585266556
3 0585272255
3 0585275522
3 0585277225
3 0585277522
3 0585277552
3 0585277557
3 0585282255
3 0585288225
3 0585288558
3 0585292255
3 0585295522
3 0585299225
3 0585299522
3 0585299552
3 0585300533
3 0585300553
3 0585305533
3 0585311533
3 0585311553
3 0585313355
3 0585315511
3 0585315533
3 0585322335
3 0585322533
3 0585322552
3 0585322553
3 0585323355
3 0585325533
3 0585330355
3 0585330550
3 0585330553
3 0585331135
3 0585331151
3 0585331311
3 0585331355
3 0585331551
3 0585332235
3 0585332252
3 0585332322
3 0585332355
3 0585333505
3 0585333959
3 0585334344
3 0585334435
3 0585334453
3 0585334454
3 0585334544
3 0585334553
3 0585335113
3 0585335443
3 0585335513
3 0585335543
3 0585335593
3 0585335773
3 0585335775
3 0585335883
3 0585335995
3 0585336366
3 0585336566
3 0585336635
3 0585336653
3 0585336656
3 0585337377
3 0585337553
3 0585337557
3 0585337577
3 0585337753
3 0585338388
3 0585338553
3 0585338558
3 0585338588
3 0585338835
3 0585338858
3 0585339355
3 0585339399
3 0585339553
3 0585339559
3 0585339599
3 0585339953
3 0585339959
3 0585344335
3 0585344554
3 0585345533
3 0585351113
3 0585351115
3 0585351133
3 0585352225
3 0585353311
3 0585353322
3 0585353377
3 0585353399
3 0585354433
3 0585355003
3 0585355033
3 0585355113
3 0585355223
3 0585355433
3 0585355633
3 0585355663
3 0585355733
3 0585355773
3 0585355833
3 0585355883
3 0585355933
3 0585355993
3 0585356633
3 0585357733
3 0585358833
3 0585358883
3 0585359933
3 0585359993
3 0585363355
3 0585365533
3 0585365566
3 0585366335
3 0585366533
3 0585375533
3 0585375577
3 0585377335
3 0585377533
3 0585377553
3 0585377557
3 0585383355
3 0585385588
3 0585388335
3 0585388533
3 0585388553
3 0585388558
3 0585393355
3 0585395533
3 0585395599
3 0585399335
3 0585399533
3 0585399553
3 0585399559
3 0585400544
3 0585400554
3 0585404455
3 0585411154
3 0585411551
3 0585411554
3 0585415511
3 0585415544
3 0585422445
3 0585422552
3 0585422554
3 0585424455
3 0585425522
3 0585425544
3 0585433544
3 0585433553
3 0585433554
3 0585434455
3 0585435533
3 0585435544
3 0585440045
3 0585440554
3 0585441145
3 0585441511
3 0585442245
3 0585442254
3 0585442422
3 0585442455
3 0585443345
3 0585443353
3 0585443433
3 0585443553
3 0585443554
3 0585444151
3 0585444252
3 0585444505
3 0585444525
3 0585444535
3 0585444656
3 0585444858
3 0585444959
3 0585445334
3 0585445514
3 0585445524
3 0585445534
3 0585445574
3 0585445884
3 0585445885
3 0585446455
3 0585446466
3 0585446554
3 0585446645
3 0585446654
3 0585447477
3 0585447554
3 0585447577
3 0585447745
3 0585447754
3 0585448455
3 0585448858
3 0585449455
3 0585449499
3 0585449554
3 0585449559
3 0585449599
3 0585449945
3 0585449954
3 0585449959
3 0585451114
3 0585452224
3 0585453335
3 0585453344
3 0585454477
3 0585454488
3 0585454499
3 0585455144
3 0585455224
3 0585455334
3 0585455344
3 0585455644
3 0585455664
3 0585455774
3 0585455844
3 0585455944
3 0585455994
3 0585456664
3 0585457744
3 0585457774
3 0585458844
3 0585458884
3 0585459994
3 0585459995
3 0585464455
3 0585466445
3 0585466544
3 0585466554
3 0585466556
3 0585475544
3 0585477544
3 0585485544
3 0585485588
3 0585488445
3 0585488544
3 0585488554
3 0585494455
3 0585495544
3 0585495599
3 0585499445
3 0585499544
3 0585499559
3 0585500205
3 0585500606
3 0585500650
3 0585500805
3 0585500905
3 0585501150
3 0585502250
3 0585502252
3 0585503353
3 0585503533
3 0585504544
3 0585505003
3 0585505004
3 0585505007
3 0585505009
3 0585505077
3 0585505330
3 0585505440
3 0585505660
3 0585505900
3 0585506566
3 0585507005
3 0585507077
3 0585507577
3 0585509099
3 0585509959
3 0585511315
3 0585511414
3 0585511415
3 0585511454
3 0585511541
3 0585511571
3 0585511615
3 0585511616
3 0585511751
3 0585511915
3 0585511951
3 0585512115
3 0585512252
3 0585512522
3 0585513115
3 0585513353
3 0585513511
3 0585513533
3 0585514115
3 0585514144
3 0585514451
3 0585514454
3 0585514511
3 0585515001
3 0585515110
3 0585515112
3 0585515113
3 0585515114
3 0585515117
3 0585515118
3 0585515133
3 0585515177
3 0585515221
3 0585515311
3 0585515331
3 0585515441
3 0585515611
3 0585515661
3 0585515711
3 0585515811
3 0585515881
3 0585515911
3 0585515991
3 0585516651
3 0585517115
3 0585517577
3 0585517751
3 0585517757
3 0585518115
3 0585518188
3 0585518851
3 0585519115
3 0585519199
3 0585519511
3 0585519599
3 0585520050
3 0585521151
3 0585522025
3 0585522050
3 0585522125
3 0585522152
3 0585522323
3 0585522352
3 0585522353
3 0585522452
3 0585522512
3 0585522532
3 0585522542
3 0585522572
3 0585522625
3 0585522725
3 0585522858
3 0585522959
3 0585523225
3 0585523353
3 0585523522
3 0585523533
3 0585524225
3 0585524244
3 0585524452
3 0585524522
3 0585524544
3 0585525122
3 0585525220
3 0585525221
3 0585525223
3 0585525227
3 0585525228
3 0585525229
3 0585525332
3 0585525422
3 0585525442
3 0585525622
3 0585525662
3 0585525772
3 0585525882
3 0585526225
3 0585526266
3 0585526566
3 0585527225
3 0585527522
3 0585527577
3 0585527757
3 0585528225
3 0585528522
3 0585528588
3 0585528852
3 0585529225
3 0585529299
3 0585529599
3 0585529952
3 0585529959
3 0585530500
3 0585530533
3 0585531151
3 0585531153
3 0585531311
3 0585531533
3 0585532252
3 0585532253
3 0585532322
3 0585532335
3 0585532522
3 0585532533
3 0585533035
3 0585533135
3 0585533435
3 0585533453
3 0585533454
3 0585533563
3 0585533583
3 0585533635
3 0585533636
3 0585533735
3 0585533753
3 0585533835
3 0585533853
3 0585533858
3 0585533935
3 0585533953
3 0585534335
3 0585534344
3 0585534454
3 0585534533
3 0585534544
3 0585535003
3 0585535113
3 0585535133
3 0585535233
3 0585535322
3 0585535331
3 0585535332
3 0585535334
3 0585535336
3 0585535337
3 0585535338
3 0585535344
3 0585535366
3 0585535377
3 0585535433
3 0585535443
3 0585535733
3 0585535773
3 0585535833
3 0585535883
3 0585535933
3 0585535993
3 0585536335
3 0585536366
3 0585536533
3 0585536566
3 0585536653
3 0585536656
3 0585537533
3 0585537753
3 0585537757
3 0585538335
3 0585538533
3 0585538588
3 0585539335
3 0585539533
3 0585539599
3 0585539953
3 0585539959
3 0585540544
3 0585541151
3 0585541154
3 0585541411
3 0585541544
3 0585542252
3 0585542422
3 0585542445
3 0585542522
3 0585543353
3 0585543354
3 0585543433
3 0585543445
3 0585543544
3 0585544045
3 0585544242
3 0585544254
3 0585544353
3 0585544354
3 0585544534
3 0585544564
3 0585544574
3 0585544584
3 0585544645
3 0585544646
3 0585544747
3 0585544754
3 0585544757
3 0585544945
3 0585544949
3 0585544954
3 0585545004
3 0585545044
3 0585545114
3 0585545144
3 0585545244
3 0585545334
3 0585545344
3 0585545411
3 0585545433
3 0585545443
3 0585545446
3 0585545447
3 0585545448
3 0585545449
3 0585545488
3 0585545644
3 0585545744
3 0585545774
3 0585545844
3 0585545884
3 0585545944
3 0585545994
3 0585546445
3 0585546566
3 0585546654
3 0585546656
3 0585547445
3 0585547477
3 0585547544
3 0585547577
3 0585548488
3 0585548544
3 0585548588
3 0585548854
3 0585549445
3 0585549499
3 0585549599
3 0585549959
3 0585560500
3 0585560566
3 0585561151
3 0585561156
3 0585561511
3 0585561566
3 0585561665
3 0585562252
3 0585562522
3 0585562566
3 0585562665
3 0585563353
3 0585563356
3 0585563533
3 0585563633
3 0585563665
3 0585564454
3 0585565006
3 0585565116
3 0585565166
3 0585565226
3 0585565266
3 0585565336
3 0585565366
3 0585565446
3 0585565466
3 0585565664
3 0585565667
3 0585565669
3 0585565886
3 0585565996
3 0585566050
3 0585566065
3 0585566151
3 0585566353
3 0585566365
3 0585566464
3 0585566526
3 0585566536
3 0585566546
3 0585566576
3 0585566596
3 0585566765
3 0585566856
3 0585566865
3 0585566956
3 0585566959
3 0585567566
3 0585567665
3 0585567757
3 0585568665
3 0585568688
3 0585569566
3 0585569599
3 0585569956
3 0585569959
3 0585570500
3 0585571151
3 0585571511
3 0585571711
3 0585571775
3 0585572252
3 0585572257
3 0585572522
3 0585572722
3 0585572775
3 0585573353
3 0585573357
3 0585573533
3 0585573577
3 0585573733
3 0585573775
3 0585574454
3 0585574457
3 0585574544
3 0585574775
3 0585575117
3 0585575177
3 0585575277
3 0585575337
3 0585575377
3 0585575447
3 0585575477
3 0585575677
3 0585575722
3 0585575733
3 0585575766
3 0585575772
3 0585575773
3 0585575774
3 0585575776
3 0585575778
3 0585575779
3 0585575877
3 0585575887
3 0585575977
3 0585575997
3 0585576566
3 0585576656
3 0585576657
3 0585576775
3 0585577157
3 0585577175
3 0585577257
3 0585577275
3 0585577353
3 0585577375
3 0585577457
3 0585577475
3 0585577507
3 0585577527
3 0585577547
3 0585577567
3 0585577587
3 0585577597
3 0585577656
3 0585577875
3 0585577957
3 0585578577
3 0585578775
3 0585579577
3 0585579599
3 0585579775
3 0585579799
3 0585579957
3 0585579959
3 0585581151
3 0585581511
3 0585582252
3 0585582522
3 0585582822
3 0585582885
3 0585583353
3 0585583358
3 0585583533
3 0585583588
3 0585583885
3 0585584454
3 0585584458
3 0585584544
3 0585584588
3 0585584844
3 0585584885
3 0585585118
3 0585585188
3 0585585388
3 0585585448
3 0585585488
3 0585585668
3 0585585688
3 0585585778
3 0585585788
3 0585585833
3 0585585882
3 0585585886
3 0585585899
3 0585585988
3 0585585998
3 0585586656
3 0585586866
3 0585586885
3 0585587588
3 0585587757
3 0585587877
3 0585587885
3 0585588181
3 0585588285
3 0585588385
3 0585588458
3 0585588518
3 0585588528
3 0585588538
3 0585588578
3 0585588785
3 0585588958
3 0585589599
3 0585589899
3 0585589959
3 0585590050
3 0585590900
3 0585590995
3 0585591151
3 0585591159
3 0585591511
3 0585591599
3 0585591911
3 0585591995
3 0585592252
3 0585592259
3 0585592522
3 0585592922
3 0585592995
3 0585593353
3 0585593359
3 0585593533
3 0585593599
3 0585593995
3 0585594454
3 0585594459
3 0585594544
3 0585594599
3 0585594944
3 0585594995
3 0585595009
3 0585595099
3 0585595119
3 0585595199
3 0585595229
3 0585595299
3 0585595339
3 0585595449
3 0585595499
3 0585595669
3 0585595699
3 0585595779
3 0585595889
3 0585595899
3 0585595922
3 0585595933
3 0585595944
3 0585595992
3 0585595993
3 0585595994
3 0585595996
3 0585595997
3 0585595998
3 0585596599
3 0585596995
3 0585597577
3 0585597599
3 0585597757
3 0585597759
3 0585597977
3 0585598588
3 0585598858
3 0585598859
3 0585598988
3 0585598995
3 0585599050
3 0585599059
3 0585599151
3 0585599159
3 0585599191
3 0585599195
3 0585599259
3 0585599295
3 0585599353
3 0585599393
3 0585599395
3 0585599454
3 0585599494
3 0585599495
3 0585599509
3 0585599529
3 0585599539
3 0585599549
3 0585599579
3 0585599656
3 0585599757
3 0585599795
3 0585599895
3 0585600556
3 0585605566
3 0585606655
3 0585611551
3 0585611566
3 0585615511
3 0585615566
3 0585622556
3 0585622566
3 0585622665
3 0585625522
3 0585625566
3 0585626655
3 0585633556
3 0585633566
3 0585633665
3 0585635533
3 0585635566
3 0585636655
3 0585644554
3 0585644556
3 0585644665
3 0585646655
3 0585650066
3 0585651115
3 0585651166
3 0585652225
3 0585652226
3 0585653366
3 0585654466
3 0585655116
3 0585655166
3 0585655266
3 0585655336
3 0585655366
3 0585655766
3 0585655776
3 0585655886
3 0585655966
3 0585655996
3 0585656611
3 0585656644
3 0585656677
3 0585656688
3 0585656699
3 0585657766
3 0585657775
3 0585658866
3 0585658886
3 0585659966
3 0585659996
3 0585660655
3 0585661151
3 0585661165
3 0585661556
3 0585661655
3 0585662256
3 0585662552
3 0585662556
3 0585662655
3 0585663353
3 0585663356
3 0585663533
3 0585663556
3 0585663633
3 0585664454
3 0585664465
3 0585664554
3 0585664556
3 0585664655
3 0585665335
3 0585665336
3 0585665445
3 0585665516
3 0585665526
3 0585665546
3 0585665576
3 0585665596
3 0585665776
3 0585665995
3 0585665996
3 0585666151
3 0585666454
3 0585666545
3 0585666575
3 0585666959
3 0585667556
3 0585667557
3 0585667577
3 0585667756
3 0585667757
3 0585668556
3 0585668558
3 0585668588
3 0585668655
3 0585668688
3 0585668856
3 0585668858
3 0585668865
3 0585669556
3 0585669559
3 0585669965
3 0585676655
3 0585677556
3 0585677557
3 0585677665
3 0585685566
3 0585685588
3 0585688558
3 0585688566
3 0585695599
3 0585696655
3 0585699556
3 0585699559
3 0585699665
3 0585700057
3 0585700550
3 0585700557
3 0585700577
3 0585707755
3 0585711551
3 0585711557
3 0585711577
3 0585711775
3 0585722552
3 0585722557
3 0585722577
3 0585722775
3 0585725522
3 0585725577
3 0585733553
3 0585733557
3 0585733577
3 0585733775
3 0585735577
3 0585737755
3 0585744554
3 0585744577
3 0585744775
3 0585745544
3 0585745577
3 0585747755
3 0585750007
3 0585750077
3 0585751115
3 0585751177
3 0585752225
3 0585752277
3 0585753335
3 0585753377
3 0585754445
3 0585754447
3 0585755007
3 0585755077
3 0585755117
3 0585755177
3 0585755227
3 0585755277
3 0585755337
3 0585755377
3 0585755447
3 0585755477
3 0585755877
3 0585755977
3 0585755997
3 0585756665
3 0585756667
3 0585757444
3 0585757799
3 0585758877
3 0585758885
3 0585759997
3 0585765566
3 0585765577
3 0585766556
3 0585766577
3 0585766775
3 0585770057
3 0585770557
3 0585770755
3 0585771157
3 0585771175
3 0585771511
3 0585771557
3 0585772275
3 0585772522
3 0585772552
3 0585772557
3 0585772722
3 0585772755
3 0585773353
3 0585773357
3 0585773375
3 0585773533
3 0585773557
3 0585773755
3 0585774457
3 0585774475
3 0585774544
3 0585774554
3 0585774744
3 0585774755
3 0585775117
3 0585775335
3 0585775337
3 0585775445
3 0585775447
3 0585775507
3 0585775517
3 0585775527
3 0585775537
3 0585775597
3 0585775665
3 0585775667
3 0585775887
3 0585775995
3 0585775997
3 0585776657
3 0585776675
3 0585776766
3 0585777252
3 0585777353
3 0585777454
3 0585777505
3 0585777535
3 0585778557
3 0585778558
3 0585778588
3 0585778788
3 0585779557
3 0585779559
3 0585779599
3 0585779755
3 0585779799
3 0585779957
3 0585779975
3 0585785577
3 0585785588
3 0585787755
3 0585788557
3 0585788558
3 0585795599
3 0585797755
3 0585799557
3 0585799559
3 0585799577
3 0585799775
3 0585799957
3 0585811588
3 0585822552
3 0585822558
3 0585822885
3 0585825522
3 0585833553
3 0585833885
3 0585835533
3 0585835588
3 0585838855
3 0585844558
3 0585845544
3 0585845588
3 0585848855
3 0585854445
3 0585855118
3 0585855228
3 0585855288
3 0585855338
3 0585855488
3 0585855688
3 0585855778
3 0585855788
3 0585855998
3 0585856688
3 0585866558
3 0585866885
3 0585875577
3 0585875588
3 0585877557
3 0585877558
3 0585877588
3 0585880558
3 0585881151
3 0585881511
3 0585881558
3 0585881811
3 0585882252
3 0585882285
3 0585882522
3 0585882552
3 0585882855
3 0585883358
3 0585883533
3 0585883553
3 0585883558
3 0585883833
3 0585883855
3 0585884454
3 0585884458
3 0585884485
3 0585884544
3 0585884554
3 0585884558
3 0585884855
3 0585885118
3 0585885228
3 0585885338
3 0585885445
3 0585885448
3 0585886556
3 0585886558
3 0585886566
3 0585886855
3 0585887557
3 0585887577
3 0585887758
3 0585887855
3 0585887877
3 0585888353
3 0585888595
3 0585888757
3 0585889558
3 0585889559
3 0585889599
3 0585889958
3 0585895588
3 0585899558
3 0585899588
3 0585900559
3 0585900599
3 0585900995
3 0585905599
3 0585909955
3 0585911551
3 0585911559
3 0585911599
3 0585911995
3 0585915511
3 0585919955
3 0585922995
3 0585925599
3 0585933553
3 0585933559
3 0585933599
3 0585933995
3 0585939955
3 0585944554
3 0585944559
3 0585944599
3 0585944995
3 0585945599
3 0585949955
3 0585950099
3 0585951115
3 0585951119
3 0585952229
3 0585952299
3 0585953339
3 0585953399
3 0585954445
3 0585954449
3 0585954499
3 0585955119
3 0585955199
3 0585955229
3 0585955299
3 0585955339
3 0585955399
3 0585955449
3 0585955499
3 0585955669
3 0585955779
3 0585955799
3 0585955889
3 0585956699
3 0585957775
3 0585958889
3 0585958899
3 0585959900
3 0585959922
3 0585959944
3 0585959966
3 0585959977
3 0585959988
3 0585965566
3 0585965599
3 0585966556
3 0585966599
3 0585966995
3 0585975599
3 0585977559
3 0585977599
3 0585977995
3 0585985588
3 0585985599
3 0585988558
3 0585988559
3 0585988599
3 0585988995
3 0585990050
3 0585990059
3 0585990550
3 0585991151
3 0585991159
3 0585991559
3 0585991911
3 0585991955
3 0585992295
3 0585992522
3 0585992552
3 0585992559
3 0585992922
3 0585992955
3 0585993353
3 0585993359
3 0585993395
3 0585993533
3 0585993559
3 0585993933
3 0585993955
3 0585994459
3 0585994495
3 0585994544
3 0585994554
3 0585994559
3 0585994955
3 0585995119
3 0585995445
3 0585995449
3 0585995509
3 0585995549
3 0585995569
3 0585995579
3 0585995589
3 0585996559
3 0585996566
3 0585996656
3 0585996659
3 0585996955
3 0585996966
3 0585997557
3 0585997559
3 0585997795
3 0585997955
3 0585997977
3 0585998558
3 0585998559
3 0585998588
3 0585998858
3 0585998859
3 0585998895
3 0585998955
3 0585998988
3 0585999050
3 0585999151
3 0585999252
3 0585999565
3 0585999656
3 0585999757
3 0585999858
3 0586001106
3 0586001161
3 0586001611
3 0586001660
3 0586002206
3 0586002260
3 0586003066
3 0586003306
3 0586003363
3 0586003633
3 0586004066
3 0586004406
3 0586004460
3 0586004644
3 0586005565
3 0586005655
3 0586005660
3 0586006110
3 0586006116
3 0586006226
3 0586006330
3 0586006336
3 0586007066
3 0586007660
3 0586007767
3 0586008688
3 0586008868
3 0586009660
3 0586009669
3 0586009906
3 0586009969
3 0586011600
3 0586011660
3 0586016600
3 0586016611
3 0586022600
3 0586026622
3 0586033006
3 0586033663
3 0586044664
3 0586046600
3 0586046644
3 0586055660
3 0586056600
3 0586056655
3 0586060055
3 0586061100
3 0586062220
3 0586063300
3 0586063330
3 0586063336
3 0586065500
3 0586066110
3 0586066330
3 0586066440
3 0586066700
3 0586066900
3 0586066990
3 0586067700
3 0586068886
3 0586069900
3 0586077006
3 0586077660
3 0586077667
3 0586086688
3 0586088668
3 0586099006
3 0586100661
3 0586106611
3 0586110061
3 0586110166
3 0586110600
3 0586110660
3 0586110661
3 0586111262
3 0586111363
3 0586111464
3 0586111565
3 0586111636
3 0586111646
3 0586111676
3 0586111686
3 0586111696
3 0586112122
3 0586112166
3 0586112216
3 0586112261
3 0586112262
3 0586112622
3 0586113166
3 0586113316
3 0586113361
3 0586113363
3 0586113633
3 0586113661
3 0586113663
3 0586114166
3 0586114416
3 0586114461
3 0586114464
3 0586114644
3 0586114661
3 0586114664
3 0586115155
3 0586115516
3 0586115561
3 0586115565
3 0586115661
3 0586115665
3 0586116221
3 0586116226
3 0586116331
3 0586116336
3 0586116441
3 0586116551
3 0586116556
3 0586116601
3 0586116621
3 0586116641
3 0586116651
3 0586116671
3 0586116681
3 0586116691
3 0586116771
3 0586116776
3 0586116881
3 0586116886
3 0586117166
3 0586117661
3 0586117677
3 0586117716
3 0586117761
3 0586117767
3 0586118166
3 0586118188
3 0586118661
3 0586118688
3 0586118816
3 0586118868
3 0586119166
3 0586119661
3 0586119699
3 0586119916
3 0586119969
3 0586122116
3 0586122611
3 0586122661
3 0586126611
3 0586126622
3 0586131166
3 0586133116
3 0586133611
3 0586133661
3 0586133663
3 0586136633
3 0586141166
3 0586144116
3 0586144611
3 0586144661
3 0586144664
3 0586146611
3 0586151166
3 0586155116
3 0586155611
3 0586155661
3 0586155665
3 0586156611
3 0586156655
3 0586160001
3 0586161100
3 0586161144
3 0586161177
3 0586161188
3 0586162211
3 0586163311
3 0586163331
3 0586163336
3 0586164411
3 0586164446
3 0586166211
3 0586166221
3 0586166311
3 0586166331
3 0586166411
3 0586166441
3 0586166511
3 0586166711
3 0586166771
3 0586166811
3 0586166911
3 0586166991
3 0586167711
3 0586167771
3 0586169991
3 0586171166
3 0586176611
3 0586176677
3 0586177116
3 0586177611
3 0586177661
3 0586181166
3 0586186611
3 0586186688
3 0586188116
3 0586188611
3 0586188668
3 0586191166
3 0586196611
3 0586196699
3 0586199116
3 0586199611
3 0586199669
3 0586200662
3 0586202266
3 0586206622
3 0586211226
3 0586211622
3 0586211661
3 0586211662
3 0586212266
3 0586220062
3 0586221126
3 0586222565
3 0586222656
3 0586222676
3 0586222686
3 0586222767
3 0586222868
3 0586223266
3 0586223633
3 0586224266
3 0586224426
3 0586224462
3 0586224644
3 0586224664
3 0586225266
3 0586225526
3 0586225562
3 0586225655
3 0586225662
3 0586225665
3 0586226002
3 0586226006
3 0586226112
3 0586226552
3 0586226612
3 0586226632
3 0586226642
3 0586226652
3 0586226672
3 0586226682
3 0586226692
3 0586226882
3 0586226886
3 0586226996
3 0586227266
3 0586227277
3 0586227662
3 0586227667
3 0586227677
3 0586227726
3 0586227762
3 0586228266
3 0586228288
3 0586228662
3 0586228668
3 0586228688
3 0586228826
3 0586228862
3 0586228868
3 0586229266
3 0586229299
3 0586229669
3 0586229699
3 0586229926
3 0586229962
3 0586229969
3 0586233226
3 0586233662
3 0586236622
3 0586236633
3 0586242266
3 0586244226
3 0586244622
3 0586244662
3 0586244664
3 0586246622
3 0586246644
3 0586252266
3 0586255622
3 0586255662
3 0586255665
3 0586256622
3 0586256655
3 0586262255
3 0586262288
3 0586262299
3 0586263322
3 0586263332
3 0586264442
3 0586264446
3 0586265522
3 0586265552
3 0586266002
3 0586266022
3 0586266112
3 0586266122
3 0586266322
3 0586266332
3 0586266422
3 0586266442
3 0586266522
3 0586266552
3 0586266772
3 0586266822
3 0586266882
3 0586266922
3 0586266992
3 0586267772
3 0586268882
3 0586269922
3 0586269992
3 0586282266
3 0586288226
3 0586292266
3 0586299662
3 0586300336
3 0586300663
3 0586311336
3 0586311633
3 0586311661
3 0586311663
3 0586313366
3 0586316611
3 0586316633
3 0586322336
3 0586323366
3 0586326622
3 0586326633
3 0586330060
3 0586330600
3 0586331161
3 0586331163
3 0586331311
3 0586331661
3 0586331663
3 0586332236
3 0586332262
3 0586332662
3 0586332663
3 0586333060
3 0586333616
3 0586333646
3 0586333696
3 0586334344
3 0586334436
3 0586334463
3 0586334464
3 0586334644
3 0586334663
3 0586334664
3 0586335355
3 0586335366
3 0586335536
3 0586335655
3 0586335665
3 0586336223
3 0586336226
3 0586336603
3 0586336613
3 0586336886
3 0586337366
3 0586337677
3 0586337763
3 0586337767
3 0586338366
3 0586338668
3 0586338688
3 0586338836
3 0586338863
3 0586339366
3 0586339969
3 0586344336
3 0586344633
3 0586344663
3 0586346633
3 0586346644
3 0586355336
3 0586356633
3 0586361133
3 0586362223
3 0586362233
3 0586363322
3 0586363355
3 0586363377
3 0586363399
3 0586364433
3 0586364443
3 0586364446
3 0586366003
3 0586366033
3 0586366113
3 0586366133
3 0586366223
3 0586366233
3 0586366433
3 0586366443
3 0586366533
3 0586366773
3 0586366833
3 0586366883
3 0586367733
3 0586368833
3 0586368883
3 0586368886
3 0586369993
3 0586376633
3 0586377667
3 0586386688
3 0586388336
3 0586388663
3 0586396633
3 0586399669
3 0586400660
3 0586411446
3 0586411644
3 0586411661
3 0586411664
3 0586416611
3 0586416644
3 0586422446
3 0586422644
3 0586422662
3 0586424466
3 0586426622
3 0586433446
3 0586433644
3 0586433663
3 0586434466
3 0586436633
3 0586436644
3 0586440064
3 0586440600
3 0586440664
3 0586441146
3 0586441164
3 0586441411
3 0586441661
3 0586442246
3 0586442262
3 0586442264
3 0586442422
3 0586442466
3 0586442622
3 0586442664
3 0586443346
3 0586443466
3 0586443633
3 0586443663
3 0586443664
3 0586444060
3 0586444161
3 0586444262
3 0586444565
3 0586444636
3 0586444656
3 0586444767
3 0586444868
3 0586444969
3 0586445466
3 0586445546
3 0586445564
3 0586445655
3 0586445664
3 0586445665
3 0586446114
3 0586446224
3 0586446226
3 0586446334
3 0586446336
3 0586446556
3 0586446634
3 0586446674
3 0586446694
3 0586446774
3 0586446886
3 0586447466
3 0586447477
3 0586447664
3 0586447677
3 0586447746
3 0586447764
3 0586448466
3 0586448664
3 0586448688
3 0586448846
3 0586448864
3 0586448868
3 0586449466
3 0586449499
3 0586449664
3 0586449669
3 0586449699
3 0586449969
3 0586454466
3 0586455446
3 0586455664
3 0586456655
3 0586460004
3 0586460044
3 0586461144
3 0586462224
3 0586463334
3 0586464422
3 0586464477
3 0586464488
3 0586466044
3 0586466144
3 0586466224
3 0586466244
3 0586466344
3 0586466554
3 0586466744
3 0586466774
3 0586466844
3 0586466884
3 0586466944
3 0586466994
3 0586467744
3 0586468884
3 0586468886
3 0586469944
3 0586474466
3 0586476644
3 0586476677
3 0586477446
3 0586477664
3 0586486644
3 0586486688
3 0586488446
3 0586488644
3 0586488664
3 0586494466
3 0586496644
3 0586496699
3 0586499644
3 0586499664
3 0586499669
3 0586505566
3 0586511165
3 0586511556
3 0586511655
3 0586511661
3 0586511665
3 0586522556
3 0586522655
3 0586522665
3 0586525566
3 0586526622
3 0586526655
3 0586533556
3 0586533655
3 0586533665
3 0586535566
3 0586536655
3 0586544556
3 0586544655
3 0586544664
3 0586544665
3 0586545566
3 0586546644
3 0586550060
3 0586551161
3 0586551165
3 0586551511
3 0586551566
3 0586552262
3 0586552522
3 0586552622
3 0586552662
3 0586553356
3 0586553363
3 0586553566
3 0586553663
3 0586553665
3 0586554464
3 0586554566
3 0586554644
3 0586554664
3 0586555060
3 0586555161
3 0586555464
3 0586555626
3 0586555686
3 0586556115
3 0586556225
3 0586556226
3 0586556335
3 0586556336
3 0586556625
3 0586556685
3 0586556775
3 0586556776
3 0586556885
3 0586556995
3 0586556996
3 0586557566
3 0586557577
3 0586557665
3 0586557667
3 0586557677
3 0586557756
3 0586558566
3 0586558688
3 0586558865
3 0586558868
3 0586559566
3 0586559599
3 0586559669
3 0586559699
3 0586559965
3 0586559969
3 0586562225
3 0586562226
3 0586563335
3 0586563355
3 0586564445
3 0586564455
3 0586565511
3 0586565522
3 0586565577
3 0586566055
3 0586566115
3 0586566155
3 0586566225
3 0586566255
3 0586566355
3 0586566455
3 0586566755
3 0586566775
3 0586566855
3 0586566955
3 0586566995
3 0586567775
3 0586569955
3 0586569996
3 0586575566
3 0586576655
3 0586577556
3 0586577655
3 0586577667
3 0586595566
3 0586596699
3 0586599556
3 0586599655
3 0586599665
3 0586599669
3 0586600161
3 0586600260
3 0586600262
3 0586600303
3 0586600565
3 0586600640
3 0586600767
3 0586600868
3 0586600906
3 0586601011
3 0586601161
3 0586603363
3 0586603633
3 0586604006
3 0586604044
3 0586604460
3 0586605055
3 0586605655
3 0586606002
3 0586606004
3 0586606022
3 0586606099
3 0586606220
3 0586606400
3 0586606550
3 0586607006
3 0586607077
3 0586607600
3 0586607760
3 0586607767
3 0586608868
3 0586609006
3 0586609600
3 0586609699
3 0586610611
3 0586611010
3 0586611016
3 0586611060
3 0586611316
3 0586611361
3 0586611414
3 0586611416
3 0586611461
3 0586611464
3 0586611641
3 0586611651
3 0586611681
3 0586611716
3 0586611717
3 0586611761
3 0586611767
3 0586611816
3 0586611861
3 0586611868
3 0586611969
3 0586612116
3 0586612261
3 0586612262
3 0586613116
3 0586613133
3 0586613361
3 0586613363
3 0586613611
3 0586614116
3 0586614461
3 0586614611
3 0586614644
3 0586615116
3 0586615561
3 0586615611
3 0586615655
3 0586616001
3 0586616011
3 0586616114
3 0586616117
3 0586616118
3 0586616119
3 0586616122
3 0586616155
3 0586616177
3 0586616221
3 0586616331
3 0586616411
3 0586616441
3 0586616511
3 0586616551
3 0586616711
3 0586616771
3 0586616811
3 0586616881
3 0586616911
3 0586616991
3 0586617177
3 0586617611
3 0586617677
3 0586617767
3 0586618188
3 0586618611
3 0586618688
3 0586619116
3 0586619611
3 0586619699
3 0586619961
3 0586619969
3 0586620060
3 0586620226
3 0586620622
3 0586621161
3 0586621162
3 0586621211
3 0586621226
3 0586621611
3 0586621622
3 0586622060
3 0586622121
3 0586622126
3 0586622161
3 0586622323
3 0586622326
3 0586622362
3 0586622426
3 0586622462
3 0586622526
3 0586622565
3 0586622612
3 0586622642
3 0586622652
3 0586622672
3 0586622682
3 0586622692
3 0586622726
3 0586622727
3 0586622762
3 0586622767
3 0586622826
3 0586622926
3 0586622969
3 0586623226
3 0586623233
3 0586623362
3 0586623363
3 0586623633
3 0586624226
3 0586624462
3 0586624622
3 0586624644
3 0586625226
3 0586625255
3 0586625562
3 0586625565
3 0586625622
3 0586625655
3 0586626002
3 0586626122
3 0586626200
3 0586626224
3 0586626228
3 0586626244
3 0586626255
3 0586626277
3 0586626322
3 0586626332
3 0586626422
3 0586626442
3 0586626522
3 0586626552
3 0586626722
3 0586626772
3 0586626822
3 0586626882
3 0586627226
3 0586627767
3 0586628226
3 0586628622
3 0586628688
3 0586628868
3 0586629226
3 0586629622
3 0586629699
3 0586629969
3 0586630060
3 0586630063
3 0586630336
3 0586630633
3 0586631161
3 0586631163
3 0586631336
3 0586631611
3 0586631633
3 0586632262
3 0586632263
3 0586632322
3 0586632336
3 0586632622
3 0586633036
3 0586633060
3 0586633163
3 0586633436
3 0586633463
3 0586633535
3 0586633536
3 0586633643
3 0586633653
3 0586633683
3 0586633693
3 0586633736
3 0586633763
3 0586633863
3 0586633868
3 0586633936
3 0586634336
3 0586634344
3 0586634464
3 0586634644
3 0586635336
3 0586635563
3 0586635633
3 0586635655
3 0586636003
3 0586636033
3 0586636113
3 0586636223
3 0586636330
3 0586636331
3 0586636332
3 0586636335
3 0586636337
3 0586636355
3 0586636377
3 0586636388
3 0586636399
3 0586636433
3 0586636733
3 0586636773
3 0586636833
3 0586636883
3 0586636933
3 0586636993
3 0586637336
3 0586637377
3 0586637633
3 0586637763
3 0586637767
3 0586638336
3 0586638388
3 0586638633
3 0586638688
3 0586638863
3 0586638868
3 0586639336
3 0586639399
3 0586639963
3 0586639969
3 0586640060
3 0586640064
3 0586640600
3 0586640644
3 0586641161
3 0586641446
3 0586641611
3 0586641644
3 0586642262
3 0586642622
3 0586642644
3 0586643363
3 0586643364
3 0586643446
3 0586643633
3 0586643644
3 0586644046
3 0586644060
3 0586644146
3 0586644164
3 0586644262
3 0586644264
3 0586644343
3 0586644346
3 0586644545
3 0586644614
3 0586644634
3 0586644654
3 0586644674
3 0586644694
3 0586644746
3 0586644846
3 0586644949
3 0586644964
3 0586644969
3 0586645446
3 0586645564
3 0586645565
3 0586645644
3 0586646114
3 0586646244
3 0586646334
3 0586646344
3 0586646422
3 0586646433
3 0586646441
3 0586646442
3 0586646443
3 0586646447
3 0586646448
3 0586646449
3 0586646455
3 0586646477
3 0586646544
3 0586646554
3 0586646744
3 0586646774
3 0586646884
3 0586646944
3 0586646994
3 0586647477
3 0586647677
3 0586647764
3 0586648446
3 0586649446
3 0586649644
3 0586649699
3 0586649964
3 0586649969
3 0586650556
3 0586650600
3 0586651161
3 0586651165
3 0586651511
3 0586651655
3 0586652265
3 0586652522
3 0586652556
3 0586652622
3 0586652655
3 0586653533
3 0586653556
3 0586653655
3 0586654464
3 0586654465
3 0586654544
3 0586654556
3 0586654644
3 0586654655
3 0586655056
3 0586655065
3 0586655151
3 0586655161
3 0586655256
3 0586655262
3 0586655635
3 0586655645
3 0586655685
3 0586655757
3 0586655868
3 0586655956
3 0586655959
3 0586655969
3 0586656055
3 0586656225
3 0586656511
3 0586656522
3 0586656544
3 0586656550
3 0586656551
3 0586656552
3 0586656553
3 0586656554
3 0586656557
3 0586656558
3 0586656559
3 0586656588
3 0586656599
3 0586656755
3 0586656775
3 0586656855
3 0586656885
3 0586656955
3 0586657556
3 0586657655
3 0586657677
3 0586658556
3 0586659655
3 0586659699
3 0586659969
3 0586663838
3 0586668383
3 0586669797
3 0586670677
3 0586670776
3 0586671167
3 0586671611
3 0586671677
3 0586671776
3 0586672262
3 0586672622
3 0586672677
3 0586672776
3 0586673363
3 0586673367
3 0586673633
3 0586673733
3 0586673776
3 0586674464
3 0586674776
3 0586675565
3 0586675655
3 0586675755
3 0586675776
3 0586676117
3 0586676177
3 0586676227
3 0586676337
3 0586676377
3 0586676477
3 0586676557
3 0586676577
3 0586676700
3 0586676711
3 0586676722
3 0586676733
3 0586676744
3 0586676774
3 0586676775
3 0586676779
3 0586676799
3 0586676877
3 0586676977
3 0586676997
3 0586677262
3 0586677276
3 0586677363
3 0586677373
3 0586677467
3 0586677474
3 0586677476
3 0586677607
3 0586677637
3 0586677657
3 0586677687
3 0586677697
3 0586677867
3 0586677868
3 0586677876
3 0586677969
3 0586677979
3 0586678688
3 0586678776
3 0586679677
3 0586679799
3 0586679969
3 0586680886
3 0586681161
3 0586681168
3 0586681611
3 0586681688
3 0586681811
3 0586681886
3 0586682262
3 0586682268
3 0586682622
3 0586682822
3 0586682886
3 0586683363
3 0586683368
3 0586683633
3 0586683688
3 0586683833
3 0586683886
3 0586684464
3 0586684468
3 0586685565
3 0586685655
3 0586685886
3 0586686008
3 0586686088
3 0586686118
3 0586686188
3 0586686228
3 0586686288
3 0586686338
3 0586686448
3 0586686488
3 0586686558
3 0586686588
3 0586686778
3 0586686788
3 0586686811
3 0586686881
3 0586686883
3 0586686885
3 0586686988
3 0586686998
3 0586687677
3 0586687688
3 0586687767
3 0586687768
3 0586687886
3 0586688282
3 0586688363
3 0586688464
3 0586688468
3 0586688486
3 0586688648
3 0586688658
3 0586688678
3 0586688767
3 0586688986
3 0586689688
3 0586689699
3 0586690060
3 0586690996
3 0586691161
3 0586692262
3 0586692622
3 0586692699
3 0586692922
3 0586692996
3 0586693369
3 0586693633
3 0586693996
3 0586694464
3 0586694469
3 0586694644
3 0586694699
3 0586694944
3 0586694996
3 0586695565
3 0586695569
3 0586695699
3 0586695955
3 0586695996
3 0586696009
3 0586696099
3 0586696119
3 0586696199
3 0586696229
3 0586696299
3 0586696339
3 0586696449
3 0586696499
3 0586696779
3 0586696799
3 0586696889
3 0586696899
3 0586696911
3 0586696922
3 0586696933
3 0586696977
3 0586696991
3 0586696992
3 0586696994
3 0586696995
3 0586696997
3 0586696998
3 0586697677
3 0586697767
3 0586697977
3 0586697996
3 0586698868
3 0586698988
3 0586698996
3 0586699161
3 0586699191
3 0586699196
3 0586699262
3 0586699296
3 0586699464
3 0586699469
3 0586699494
3 0586699609
3 0586699629
3 0586699649
3 0586699659
3 0586699679
3 0586699689
3 0586699796
3 0586699896
3 0586700667
3 0586706600
3 0586706677
3 0586711661
3 0586711667
3 0586711677
3 0586716611
3 0586716677
3 0586722662
3 0586722667
3 0586722677
3 0586722776
3 0586726622
3 0586726677
3 0586727766
3 0586733667
3 0586733677
3 0586733776
3 0586736677
3 0586744664
3 0586744667
3 0586744677
3 0586744776
3 0586746644
3 0586747766
3 0586755665
3 0586756655
3 0586756677
3 0586757766
3 0586761177
3 0586762226
3 0586762227
3 0586762277
3 0586763337
3 0586765577
3 0586766007
3 0586766117
3 0586766177
3 0586766337
3 0586766377
3 0586766447
3 0586766577
3 0586766877
3 0586766977
3 0586767711
3 0586767799
3 0586768877
3 0586769977
3 0586770067
3 0586770766
3 0586771161
3 0586771661
3 0586771667
3 0586771711
3 0586771766
3 0586772622
3 0586772667
3 0586772722
3 0586772766
3 0586773367
3 0586773376
3 0586773633
3 0586773663
3 0586773667
3 0586773733
3 0586773766
3 0586774464
3 0586774476
3 0586774644
3 0586774667
3 0586775567
3 0586775576
3 0586775755
3 0586775766
3 0586776007
3 0586776117
3 0586776227
3 0586776447
3 0586776556
3 0586776617
3 0586776637
3 0586776657
3 0586776687
3 0586776697
3 0586776996
3 0586776997
3 0586777060
3 0586777696
3 0586777868
3 0586777969
3 0586778667
3 0586778688
3 0586778766
3 0586778868
3 0586779669
3 0586779699
3 0586779799
3 0586779967
3 0586786688
3 0586788677
3 0586788776
3 0586796677
3 0586796699
3 0586797766
3 0586799667
3 0586799669
3 0586799677
3 0586799776
3 0586799967
3 0586800668
3 0586800886
3 0586806600
3 0586808866
3 0586811661
3 0586811668
3 0586811688
3 0586811886
3 0586816611
3 0586818866
3 0586822662
3 0586822668
3 0586822886
3 0586826622
3 0586826688
3 0586828866
3 0586833663
3 0586833668
3 0586833688
3 0586836633
3 0586836688
3 0586844664
3 0586844668
3 0586844688
3 0586844886
3 0586846644
3 0586848866
3 0586855665
3 0586855668
3 0586856655
3 0586856688
3 0586860088
3 0586862226
3 0586862288
3 0586863336
3 0586863338
3 0586863388
3 0586866008
3 0586866088
3 0586866118
3 0586866188
3 0586866228
3 0586866288
3 0586866338
3 0586866388
3 0586866488
3 0586866558
3 0586866588
3 0586866988
3 0586866998
3 0586867778
3 0586868811
3 0586868844
3 0586876688
3 0586877688
3 0586877886
3 0586878866
3 0586880600
3 0586881161
3 0586881168
3 0586881611
3 0586881661
3 0586881668
3 0586882262
3 0586882286
3 0586882822
3 0586882866
3 0586883368
3 0586883386
3 0586883663
3 0586883668
3 0586883833
3 0586883866
3 0586884468
3 0586884844
3 0586884866
3 0586885568
3 0586885855
3 0586886116
3 0586886118
3 0586886336
3 0586886448
3 0586886618
3 0586886678
3 0586886698
3 0586886776
3 0586887668
3 0586887677
3 0586887786
3 0586887866
3 0586888676
3 0586889899
3 0586896688
3 0586898866
3 0586899688
3 0586899886
3 0586911996
3 0586922662
3 0586922669
3 0586922699
3 0586926622
3 0586926699
3 0586933663
3 0586933699
3 0586936633
3 0586936699
3 0586939966
3 0586944664
3 0586944699
3 0586944996
3 0586946644
3 0586946699
3 0586949966
3 0586955665
3 0586955669
3 0586955699
3 0586955996
3 0586956699
3 0586961116
3 0586961119
3 0586961199
3 0586962229
3 0586962299
3 0586963336
3 0586963399
3 0586964449
3 0586964499
3 0586965599
3 0586966009
3 0586966119
3 0586966199
3 0586966299
3 0586966399
3 0586966499
3 0586966559
3 0586966599
3 0586966779
3 0586966799
3 0586966889
3 0586966899
3 0586967779
3 0586967799
3 0586968899
3 0586969922
3 0586969944
3 0586969955
3 0586969977
3 0586976677
3 0586976699
3 0586977667
3 0586977699
3 0586977996
3 0586979966
3 0586986688
3 0586986699
3 0586988668
3 0586988669
3 0586988699
3 0586989966
3 0586990060
3 0586990600
3 0586990966
3 0586991161
3 0586991169
3 0586991611
3 0586991661
3 0586991911
3 0586991966
3 0586992262
3 0586992269
3 0586992296
3 0586992622
3 0586992662
3 0586992669
3 0586992922
3 0586992966
3 0586993363
3 0586993396
3 0586993669
3 0586993933
3 0586994464
3 0586994469
3 0586994669
3 0586994944
3 0586994966
3 0586995565
3 0586995596
3 0586995655
3 0586995669
3 0586995955
3 0586995966
3 0586996009
3 0586996116
3 0586996119
3 0586996226
3 0586996229
3 0586996339
3 0586996559
3 0586996609
3 0586996619
3 0586996629
3 0586996659
3 0586996679
3 0586996776
3 0586996779
3 0586996886
3 0586997667
3 0586997669
3 0586997677
3 0586997796
3 0586997966
3 0586998668
3 0586998669
3 0586998869
3 0586999161
3 0586999262
3 0586999363
3 0586999464
3 0586999616
3 0586999636
3 0586999646
3 0586999686
3 0586999767
3 0587002772
3 0587003307
3 0587003733
3 0587004744
3 0587005507
3 0587005570
3 0587005775
3 0587007220
3 0587007557
3 0587007750
3 0587008788
3 0587009799
3 0587022007
3 0587022700
3 0587022772
3 0587027700
3 0587027722
3 0587030077
3 0587033007
3 0587037700
3 0587037733
3 0587055700
3 0587055775
3 0587066007
3 0587066770
3 0587066776
3 0587071110
3 0587072227
3 0587073300
3 0587073330
3 0587074440
3 0587074447
3 0587077110
3 0587077220
3 0587077600
3 0587077900
3 0587079900
3 0587088007
3 0587097700
3 0587099007
3 0587099779
3 0587110017
3 0587110070
3 0587110177
3 0587110771
3 0587111272
3 0587111747
3 0587111878
3 0587111979
3 0587112271
3 0587112272
3 0587112722
3 0587112772
3 0587113133
3 0587113177
3 0587113371
3 0587113373
3 0587113773
3 0587114144
3 0587114417
3 0587114474
3 0587114744
3 0587114774
3 0587115177
3 0587115575
3 0587115755
3 0587115771
3 0587115775
3 0587116166
3 0587116617
3 0587116671
3 0587116676
3 0587116766
3 0587116771
3 0587116776
3 0587117221
3 0587117337
3 0587117551
3 0587117661
3 0587117721
3 0587117731
3 0587117741
3 0587117751
3 0587117761
3 0587117781
3 0587117791
3 0587117881
3 0587118778
3 0587118788
3 0587119177
3 0587119779
3 0587119799
3 0587119971
3 0587122117
3 0587122711
3 0587122771
3 0587122772
3 0587127722
3 0587133117
3 0587133711
3 0587133771
3 0587133773
3 0587141177
3 0587144117
3 0587144711
3 0587144771
3 0587144774
3 0587155117
3 0587155711
3 0587155771
3 0587155775
3 0587166711
3 0587166771
3 0587166776
3 0587167711
3 0587167766
3 0587171122
3 0587171199
3 0587172221
3 0587173311
3 0587173331
3 0587174441
3 0587174447
3 0587176611
3 0587176661
3 0587177211
3 0587177221
3 0587177311
3 0587177411
3 0587177811
3 0587177881
3 0587177911
3 0587179911
3 0587179991
3 0587188117
3 0587188771
3 0587188778
3 0587197711
3 0587199117
3 0587199711
3 0587200772
3 0587207722
3 0587211227
3 0587211771
3 0587217722
3 0587220070
3 0587220277
3 0587221127
3 0587221171
3 0587221172
3 0587221711
3 0587221771
3 0587221772
3 0587222070
3 0587222373
3 0587222676
3 0587222737
3 0587222747
3 0587222767
3 0587222878
3 0587223233
3 0587223277
3 0587223373
3 0587223733
3 0587223772
3 0587223773
3 0587224244
3 0587224472
3 0587224474
3 0587224774
3 0587225255
3 0587225527
3 0587225572
3 0587225755
3 0587225772
3 0587225775
3 0587226266
3 0587226277
3 0587226627
3 0587226672
3 0587226676
3 0587226766
3 0587226776
3 0587227002
3 0587227112
3 0587227332
3 0587227442
3 0587227552
3 0587227662
3 0587227667
3 0587227702
3 0587227732
3 0587227742
3 0587227752
3 0587227762
3 0587227782
3 0587227792
3 0587227882
3 0587227887
3 0587227992
3 0587227997
3 0587228277
3 0587228288
3 0587228772
3 0587228778
3 0587228827
3 0587228878
3 0587229277
3 0587229299
3 0587229772
3 0587229779
3 0587229799
3 0587229979
3 0587232277
3 0587233227
3 0587233722
3 0587233772
3 0587233773
3 0587237733
3 0587242277
3 0587244227
3 0587244722
3 0587244772
3 0587244774
3 0587252277
3 0587255722
3 0587255772
3 0587255775
3 0587257755
3 0587262277
3 0587266227
3 0587266722
3 0587266772
3 0587266776
3 0587270007
3 0587272211
3 0587272299
3 0587273332
3 0587274442
3 0587275522
3 0587275552
3 0587275557
3 0587277112
3 0587277122
3 0587277322
3 0587277332
3 0587277442
3 0587277522
3 0587277622
3 0587277882
3 0587277922
3 0587278882
3 0587279922
3 0587279992
3 0587287722
3 0587287788
3 0587288227
3 0587288772
3 0587288778
3 0587297722
3 0587297799
3 0587299227
3 0587299722
3 0587299772
3 0587300733
3 0587300773
3 0587303377
3 0587311771
3 0587311773
3 0587313377
3 0587317711
3 0587322337
3 0587322733
3 0587322772
3 0587322773
3 0587323377
3 0587327733
3 0587330037
3 0587330773
3 0587331137
3 0587331173
3 0587331311
3 0587331377
3 0587331711
3 0587331771
3 0587331773
3 0587332237
3 0587332273
3 0587332722
3 0587332772
3 0587332773
3 0587333272
3 0587333474
3 0587333717
3 0587333727
3 0587333757
3 0587333767
3 0587333797
3 0587333979
3 0587334344
3 0587334377
3 0587334473
3 0587334474
3 0587334744
3 0587334774
3 0587335377
3 0587335573
3 0587335755
3 0587335773
3 0587336377
3 0587336673
3 0587336766
3 0587336773
3 0587337113
3 0587337117
3 0587337227
3 0587337703
3 0587337713
3 0587337723
3 0587337743
3 0587337753
3 0587337763
3 0587337783
3 0587337883
3 0587337887
3 0587337993
3 0587338377
3 0587338388
3 0587338773
3 0587338788
3 0587338837
3 0587338873
3 0587338878
3 0587339377
3 0587339399
3 0587339773
3 0587339779
3 0587339799
3 0587339937
3 0587339979
3 0587344337
3 0587344473
3 0587344733
3 0587344773
3 0587344774
3 0587347733
3 0587347744
3 0587355733
3 0587355773
3 0587355775
3 0587357733
3 0587357755
3 0587363377
3 0587366337
3 0587366673
3 0587366733
3 0587366773
3 0587366776
3 0587367733
3 0587367766
3 0587370003
3 0587370033
3 0587371113
3 0587371133
3 0587372233
3 0587373300
3 0587373311
3 0587373344
3 0587373355
3 0587373366
3 0587373388
3 0587373399
3 0587374433
3 0587375553
3 0587377003
3 0587377113
3 0587377133
3 0587377433
3 0587377443
3 0587377533
3 0587377633
3 0587377883
3 0587377933
3 0587377993
3 0587378883
3 0587379933
3 0587383377
3 0587387733
3 0587388337
3 0587388733
3 0587388773
3 0587388778
3 0587393377
3 0587397733
3 0587397799
3 0587399337
3 0587399733
3 0587399773
3 0587399779
3 0587400774
3 0587404477
3 0587407744
3 0587411447
3 0587411744
3 0587411771
3 0587411774
3 0587414477
3 0587422744
3 0587422772
3 0587422774
3 0587424477
3 0587427744
3 0587433744
3 0587433773
3 0587433774
3 0587437744
3 0587440477
3 0587440700
3 0587440774
3 0587441147
3 0587441171
3 0587441174
3 0587441411
3 0587441711
3 0587441771
3 0587441774
3 0587442247
3 0587442274
3 0587442422
3 0587442722
3 0587442774
3 0587443374
3 0587443433
3 0587443477
3 0587443733
3 0587443773
3 0587443774
3 0587444070
3 0587444171
3 0587444707
3 0587444767
3 0587444979
3 0587445455
3 0587445547
3 0587445574
3 0587445755
3 0587445775
3 0587446466
3 0587446477
3 0587446647
3 0587446674
3 0587446676
3 0587446766
3 0587446774
3 0587447224
3 0587447227
3 0587447334
3 0587447554
3 0587447557
3 0587447704
3 0587447714
3 0587447724
3 0587447734
3 0587447754
3 0587447764
3 0587447784
3 0587447994
3 0587447997
3 0587448477
3 0587448778
3 0587448788
3 0587448847
3 0587448878
3 0587449499
3 0587449779
3 0587449799
3 0587449947
3 0587449974
3 0587449979
3 0587454477
3 0587455447
3 0587455744
3 0587457744
3 0587457755
3 0587464477
3 0587466774
3 0587467766
3 0587470004
3 0587470044
3 0587471114
3 0587471144
3 0587472224
3 0587472227
3 0587472244
3 0587473334
3 0587473344
3 0587474400
3 0587474411
3 0587474422
3 0587474433
3 0587474455
3 0587474466
3 0587474488
3 0587475544
3 0587476664
3 0587476667
3 0587477044
3 0587477114
3 0587477144
3 0587477224
3 0587477244
3 0587477344
3 0587477544
3 0587477554
3 0587477644
3 0587477664
3 0587477944
3 0587478844
3 0587478884
3 0587479994
3 0587484477
3 0587488447
3 0587488744
3 0587488778
3 0587494477
3 0587497744
3 0587499447
3 0587499744
3 0587499774
3 0587499779
3 0587500557
3 0587511557
3 0587511771
3 0587511775
3 0587517711
3 0587522755
3 0587522772
3 0587522775
3 0587527722
3 0587527755
3 0587533557
3 0587533755
3 0587533773
3 0587533775
3 0587535577
3 0587544557
3 0587544755
3 0587547755
3 0587550700
3 0587550775
3 0587551171
3 0587551175
3 0587552257
3 0587552275
3 0587552577
3 0587552722
3 0587552772
3 0587552775
3 0587553357
3 0587553373
3 0587553375
3 0587553577
3 0587553733
3 0587553775
3 0587554474
3 0587554544
3 0587554744
3 0587554775
3 0587555171
3 0587555272
3 0587555474
3 0587555676
3 0587555787
3 0587556577
3 0587556766
3 0587557005
3 0587557225
3 0587557337
3 0587557447
3 0587557705
3 0587557715
3 0587557735
3 0587557765
3 0587557785
3 0587557795
3 0587557995
3 0587557997
3 0587558577
3 0587558588
3 0587558775
3 0587558788
3 0587558857
3 0587558878
3 0587559599
3 0587559775
3 0587559975
3 0587559979
3 0587565577
3 0587566755
3 0587566775
3 0587566776
3 0587567766
3 0587571115
3 0587572225
3 0587573355
3 0587574445
3 0587574455
3 0587575511
3 0587575599
3 0587576665
3 0587577155
3 0587577225
3 0587577255
3 0587577355
3 0587577445
3 0587577455
3 0587577655
3 0587577855
3 0587577885
3 0587577955
3 0587578855
3 0587587788
3 0587588557
3 0587588755
3 0587595577
3 0587597755
3 0587597799
3 0587599557
3 0587599755
3 0587599775
3 0587599779
3 0587600776
3 0587607766
3 0587611667
3 0587611766
3 0587611771
3 0587611776
3 0587617711
3 0587622766
3 0587626677
3 0587627766
3 0587633667
3 0587633766
3 0587633773
3 0587633776
3 0587637733
3 0587637766
3 0587644766
3 0587644776
3 0587646677
3 0587647744
3 0587647766
3 0587655667
3 0587655766
3 0587655775
3 0587656677
3 0587660070
3 0587660076
3 0587660677
3 0587660700
3 0587660776
3 0587661167
3 0587661171
3 0587661711
3 0587661771
3 0587661776
3 0587662276
3 0587662622
3 0587662677
3 0587662722
3 0587662776
3 0587663373
3 0587663376
3 0587663677
3 0587663733
3 0587663776
3 0587664467
3 0587664474
3 0587664644
3 0587664677
3 0587664744
3 0587664776
3 0587665567
3 0587665655
3 0587665677
3 0587665755
3 0587666070
3 0587666171
3 0587666474
3 0587666727
3 0587666747
3 0587666757
3 0587667117
3 0587667226
3 0587667227
3 0587667557
3 0587667716
3 0587667726
3 0587667736
3 0587667786
3 0587667796
3 0587667886
3 0587667887
3 0587668776
3 0587668778
3 0587668788
3 0587669677
3 0587669699
3 0587669776
3 0587669976
3 0587670066
3 0587671116
3 0587671117
3 0587671166
3 0587672226
3 0587672266
3 0587673336
3 0587673337
3 0587674466
3 0587676611
3 0587676688
3 0587676699
3 0587677006
3 0587677116
3 0587677166
3 0587677226
3 0587677266
3 0587677336
3 0587677366
3 0587677446
3 0587677466
3 0587677556
3 0587677866
3 0587677966
3 0587677996
3 0587678866
3 0587678886
3 0587686677
3 0587687766
3 0587688667
3 0587697766
3 0587697799
3 0587699667
3 0587699766
3 0587699776
3 0587699779
3 0587700373
3 0587700470
3 0587700676
3 0587700878
3 0587701711
3 0587704474
3 0587704744
3 0587705570
3 0587705575
3 0587707003
3 0587707033
3 0587707220
3 0587707400
3 0587709799
3 0587711373
3 0587711471
3 0587711517
3 0587711617
3 0587711671
3 0587711676
3 0587711741
3 0587711751
3 0587711817
3 0587711818
3 0587711971
3 0587712117
3 0587712122
3 0587712271
3 0587712711
3 0587712722
3 0587713117
3 0587713371
3 0587713711
3 0587713733
3 0587714471
3 0587714711
3 0587714744
3 0587715117
3 0587715571
3 0587715575
3 0587715711
3 0587716117
3 0587716676
3 0587716711
3 0587717011
3 0587717110
3 0587717112
3 0587717113
3 0587717114
3 0587717115
3 0587717118
3 0587717119
3 0587717133
3 0587717166
3 0587717221
3 0587717311
3 0587717331
3 0587717411
3 0587717611
3 0587717661
3 0587717811
3 0587717911
3 0587717991
3 0587718711
3 0587718788
3 0587718878
3 0587719117
3 0587719199
3 0587719799
3 0587720072
3 0587720722
3 0587721171
3 0587721211
3 0587721711
3 0587722027
3 0587722070
3 0587722072
3 0587722172
3 0587722327
3 0587722372
3 0587722424
3 0587722427
3 0587722472
3 0587722627
3 0587722672
3 0587722732
3 0587722742
3 0587722752
3 0587722762
3 0587722792
3 0587722827
3 0587722927
3 0587722929
3 0587723227
3 0587723233
3 0587723372
3 0587724227
3 0587724474
3 0587724744
3 0587725572
3 0587725575
3 0587725722
3 0587725755
3 0587726227
3 0587726672
3 0587726722
3 0587727122
3 0587727211
3 0587727221
3 0587727299
3 0587727322
3 0587727442
3 0587727522
3 0587727622
3 0587727662
3 0587727822
3 0587727882
3 0587727922
3 0587727992
3 0587728288
3 0587728722
3 0587728878
3 0587729722
3 0587729979
3 0587730070
3 0587731171
3 0587731311
3 0587731733
3 0587732272
3 0587732273
3 0587732322
3 0587732722
3 0587732733
3 0587733037
3 0587733073
3 0587733131
3 0587733137
3 0587733171
3 0587733237
3 0587733273
3 0587733434
3 0587733437
3 0587733473
3 0587733537
3 0587733637
3 0587733763
3 0587733783
3 0587733793
3 0587733837
3 0587733873
3 0587733937
3 0587733973
3 0587733979
3 0587734474
3 0587734733
3 0587735337
3 0587735355
3 0587735733
3 0587735755
3 0587736337
3 0587736366
3 0587736733
3 0587736766
3 0587737003
3 0587737133
3 0587737233
3 0587737311
3 0587737322
3 0587737330
3 0587737331
3 0587737332
3 0587737335
3 0587737339
3 0587737344
3 0587737355
3 0587737399
3 0587737433
3 0587737443
3 0587737533
3 0587737663
3 0587737833
3 0587737933
3 0587737993
3 0587738337
3 0587738388
3 0587738788
3 0587738873
3 0587738878
3 0587739337
3 0587739799
3 0587739973
3 0587739979
3 0587740070
3 0587740447
3 0587740700
3 0587741174
3 0587741411
3 0587741447
3 0587742272
3 0587742274
3 0587742422
3 0587742447
3 0587742722
3 0587742744
3 0587743374
3 0587743433
3 0587743447
3 0587743744
3 0587744047
3 0587744074
3 0587744242
3 0587744272
3 0587744347
3 0587744374
3 0587744545
3 0587744574
3 0587744575
3 0587744647
3 0587744704
3 0587744714
3 0587744724
3 0587744754
3 0587744764
3 0587744794
3 0587744847
3 0587744947
3 0587744949
3 0587745447
3 0587745574
3 0587745575
3 0587745744
3 0587746447
3 0587746676
3 0587746744
3 0587746766
3 0587747004
3 0587747044
3 0587747114
3 0587747144
3 0587747244
3 0587747334
3 0587747344
3 0587747422
3 0587747433
3 0587747441
3 0587747442
3 0587747443
3 0587747445
3 0587747446
3 0587747448
3 0587747449
3 0587747466
3 0587747499
3 0587747544
3 0587747554
3 0587747644
3 0587747844
3 0587747884
3 0587747944
3 0587747994
3 0587748447
3 0587748488
3 0587748744
3 0587748874
3 0587749447
3 0587749744
3 0587749799
3 0587749974
3 0587749979
3 0587751171
3 0587751175
3 0587751511
3 0587752272
3 0587752275
3 0587752755
3 0587753373
3 0587753533
3 0587753733
3 0587754474
3 0587754475
3 0587754544
3 0587754557
3 0587755070
3 0587755257
3 0587755272
3 0587755373
3 0587755375
3 0587755454
3 0587755457
3 0587755675
3 0587755676
3 0587755715
3 0587755725
3 0587755745
3 0587755795
3 0587755957
3 0587755959
3 0587755979
3 0587756557
3 0587756676
3 0587756755
3 0587756766
3 0587757005
3 0587757055
3 0587757115
3 0587757225
3 0587757255
3 0587757355
3 0587757445
3 0587757553
3 0587757558
3 0587757559
3 0587757566
3 0587757655
3 0587757855
3 0587757885
3 0587757995
3 0587758557
3 0587758588
3 0587758875
3 0587758878
3 0587759599
3 0587759975
3 0587759979
3 0587760600
3 0587761171
3 0587761611
3 0587761667
3 0587761711
3 0587761766
3 0587762272
3 0587762276
3 0587762622
3 0587762667
3 0587762722
3 0587762766
3 0587763373
3 0587763376
3 0587763633
3 0587763667
3 0587763766
3 0587764474
3 0587764667
3 0587764744
3 0587764766
3 0587765655
3 0587765667
3 0587765755
3 0587765766
3 0587766171
3 0587766176
3 0587766272
3 0587766467
3 0587766474
3 0587766476
3 0587766575
3 0587766576
3 0587766726
3 0587766736
3 0587766746
3 0587766796
3 0587766976
3 0587766979
3 0587767066
3 0587767116
3 0587767166
3 0587767226
3 0587767266
3 0587767336
3 0587767366
3 0587767446
3 0587767633
3 0587767644
3 0587767661
3 0587767663
3 0587767668
3 0587767669
3 0587767886
3 0587767966
3 0587767996
3 0587768766
3 0587768788
3 0587768876
3 0587768878
3 0587769667
3 0587769699
3 0587769766
3 0587769799
3 0587769979
3 0587782788
3 0587783378
3 0587783788
3 0587783887
3 0587784844
3 0587785887
3 0587786678
3 0587786766
3 0587786866
3 0587786887
3 0587787118
3 0587787188
3 0587787338
3 0587787448
3 0587787588
3 0587787855
3 0587787884
3 0587787886
3 0587788070
3 0587788187
3 0587788373
3 0587788687
3 0587788718
3 0587788728
3 0587789978
3 0587789979
3 0587790997
3 0587791171
3 0587791179
3 0587791711
3 0587791997
3 0587792279
3 0587792722
3 0587792799
3 0587792922
3 0587793799
3 0587795579
3 0587795755
3 0587796799
3 0587796966
3 0587797119
3 0587797229
3 0587797339
3 0587797399
3 0587797449
3 0587797669
3 0587797699
3 0587797889
3 0587797899
3 0587797994
3 0587798879
3 0587798988
3 0587798997
3 0587799179
3 0587799197
3 0587799272
3 0587799474
3 0587799479
3 0587799494
3 0587799497
3 0587799575
3 0587799579
3 0587799597
3 0587799697
3 0587799719
3 0587799729
3 0587799769
3 0587799878
3 0587808877
3 0587811887
3 0587817788
3 0587822788
3 0587822887
3 0587833778
3 0587837733
3 0587844774
3 0587844778
3 0587844788
3 0587844887
3 0587847744
3 0587847788
3 0587855778
3 0587855788
3 0587857788
3 0587858877
3 0587866778
3 0587867788
3 0587871117
3 0587871118
3 0587872228
3 0587872288
3 0587874488
3 0587877118
3 0587877228
3 0587877288
3 0587877338
3 0587877488
3 0587877688
3 0587881171
3 0587881711
3 0587881778
3 0587882272
3 0587882287
3 0587882772
3 0587882778
3 0587882877
3 0587883733
3 0587883773
3 0587883833
3 0587884474
3 0587884478
3 0587884744
3 0587884774
3 0587884877
3 0587885755
3 0587886676
3 0587886877
3 0587887447
3 0587887448
3 0587887667
3 0587887708
3 0587887728
3 0587887738
3 0587887998
3 0587889799
3 0587897788
3 0587898877
3 0587899778
3 0587899779
3 0587899788
3 0587900997
3 0587911779
3 0587917799
3 0587922772
3 0587922779
3 0587922799
3 0587922997
3 0587927722
3 0587933773
3 0587933779
3 0587933799
3 0587933997
3 0587937733
3 0587937799
3 0587939977
3 0587944774
3 0587944799
3 0587944997
3 0587949977
3 0587955775
3 0587955779
3 0587957799
3 0587966799
3 0587966997
3 0587967766
3 0587971117
3 0587972227
3 0587972299
3 0587976699
3 0587977119
3 0587977229
3 0587977299
3 0587977339
3 0587977399
3 0587977449
3 0587977599
3 0587977669
3 0587977699
3 0587977899
3 0587979911
3 0587979922
3 0587987799
3 0587988778
3 0587988779
3 0587990070
3 0587990779
3 0587991171
3 0587991197
3 0587991711
3 0587991977
3 0587992272
3 0587992722
3 0587992772
3 0587992977
3 0587993379
3 0587993773
3 0587993779
3 0587994474
3 0587994497
3 0587994744
3 0587994774
3 0587995575
3 0587995597
3 0587995755
3 0587995775
3 0587995779
3 0587996676
3 0587996679
3 0587996697
3 0587996966
3 0587997009
3 0587997119
3 0587997227
3 0587997337
3 0587997339
3 0587997449
3 0587997557
3 0587997749
3 0587997759
3 0587997769
3 0587998977
3 0587999272
3 0587999373
3 0587999474
3 0587999575
3 0587999727
3 0587999737
3 0587999757
