0584002422
0584002440
0584003304
0584003440
0584003443
0584004220
0584004470
0584004480
0584005504
0584006440
0584007044
0584007077
0584007440
0584007477
0584008440
0584009044
0584009440
0584009449
0584009499
0584009949
0584011400
0584011440
0584011441
0584014411
0584022442
0584024400
0584024422
0584033400
0584034400
0584043300
0584044100
0584044330
0584044600
0584044660
0584044700
0584044800
0584044880
0584044900
0584054455
0584060044
0584064400
0584064466
0584066004
0584066446
0584074400
0584077004
0584077447
0584094400
0584094499
0584099400
0584099440
0584099449
0584110040
0584110441
0584112241
0584112242
0584112441
0584112442
0584113441
0584113443
0584114331
0584114334
0584114451
0584114461
0584114471
0584114481
0584114491
0584114551
0584114661
0584114881
0584114994
0584115144
0584115441
0584115455
0584115514
0584115541
0584116144
0584116166
0584116466
0584116614
0584116646
0584117144
0584117177
0584117441
0584117447
0584117477
0584117714
0584117741
0584117747
0584118144
0584118188
0584118441
0584118488
0584118848
0584119144
0584119199
0584119499
0584119914
0584119941
0584121144
0584122411
0584122441
0584131144
0584133411
0584133441
0584133443
0584134433
0584141133
0584141188
0584144001
0584144211
0584144221
0584144311
0584144331
0584144511
0584144551
0584144611
0584144661
0584144711
0584144811
0584144911
0584144991
0584145511
0584146611
0584149911
0584154411
0584154455
0584155114
0584155411
0584155441
0584164411
0584164466
0584166114
0584166441
0584166446
0584171144
0584174477
0584177114
0584177441
0584177447
0584181144
0584184411
0584184488
0584188114
0584188411
0584191144
0584194411
0584194499
0584199449
0584211224
0584211422
0584211441
0584211442
0584220024
0584220040
0584220244
0584220442
0584221124
0584221141
0584221142
0584221211
0584221411
0584221441
0584221442
0584223244
0584223442
0584224114
0584224402
0584224432
0584224462
0584224492
0584224554
0584224772
0584224774
0584224882
0584224992
0584225244
0584225255
0584225455
0584225524
0584225542
0584226244
0584226266
0584226442
0584226466
0584226642
0584226646
0584227442
0584227477
0584227747
0584228288
0584228442
0584228448
0584228488
0584228848
0584229244
0584229442
0584229449
0584229924
0584232244
0584233422
0584233442
0584233443
0584234433
0584242277
0584242288
0584242299
0584244002
0584244022
0584244112
0584244322
0584244332
0584244522
0584244622
0584244662
0584244772
0584244822
0584244882
0584244992
0584246622
0584252244
0584254422
0584254455
0584255224
0584255422
0584255442
0584255445
0584262244
0584266224
0584266422
0584274422
0584274477
0584277224
0584277442
0584277447
0584288422
0584288442
0584292244
0584294422
0584294499
0584299224
0584299422
0584299442
0584299449
0584300433
0584300443
0584303344
0584311334
0584311441
0584311443
0584313344
0584314433
0584322334
0584322433
0584322442
0584323344
0584330400
0584331141
0584331143
0584331311
0584331411
0584331443
0584332234
0584332242
0584332243
0584332422
0584332442
0584332443
0584334003
0584334113
0584334223
0584334403
0584334423
0584334453
0584334473
0584334483
0584334554
0584334663
0584334774
0584334994
0584335344
0584335355
0584335443
0584335455
0584335534
0584336344
0584336366
0584336443
0584336643
0584336646
0584337477
0584337734
0584337743
0584337747
0584338344
0584338443
0584338448
0584338488
0584338834
0584338843
0584339443
0584339499
0584339943
0584339949
0584340033
0584341133
0584343311
0584344033
0584344113
0584344223
0584344233
0584344533
0584344633
0584344663
0584344733
0584344993
0584347733
0584349933
0584354455
0584355334
0584355433
0584364433
0584364466
0584366334
0584366433
0584366446
0584373344
0584374433
0584374477
0584377334
0584377443
0584377447
0584383344
0584384488
0584388433
0584388443
0584388448
0584393344
0584394499
0584399334
0584399433
0584399443
0584399449
0584400141
0584400340
0584400343
0584400604
0584400646
0584400704
0584400904
0584400909
0584400949
0584403004
0584403433
0584404033
0584404220
0584404330
0584404660
0584404900
0584405004
0584405455
0584405545
0584406466
0584406646
0584407477
0584407747
0584408400
0584408488
0584408848
0584409004
0584409099
0584409499
0584409940
0584410400
0584411314
0584411343
0584411421
0584411431
0584411451
0584411461
0584411471
0584411481
0584411491
0584411614
0584411641
0584411646
0584411741
0584411814
0584411848
0584411914
0584411949
0584412114
0584412122
0584412241
0584412422
0584413114
0584413341
0584413411
0584413433
0584414100
0584414110
0584414115
0584414116
0584414117
0584414118
0584414119
0584414166
0584414188
0584414211
0584414221
0584414311
0584414511
0584414551
0584414611
0584414711
0584414771
0584414811
0584414911
0584414991
0584415114
0584415455
0584415541
0584416166
0584416466
0584416641
0584416646
0584417114
0584417411
0584417477
0584418114
0584418411
0584418488
0584418841
0584418848
0584419114
0584419199
0584419411
0584419499
0584420224
0584420400
0584421141
0584421211
0584421224
0584421411
0584421422
0584422024
0584422042
0584422412
0584422452
0584422472
0584422492
0584422524
0584422624
0584422642
0584422724
0584422742
0584422747
0584423224
0584423342
0584423343
0584423422
0584424002
0584424022
0584424122
0584424220
0584424221
0584424225
0584424226
0584424227
0584424228
0584424229
0584424255
0584424277
0584424288
0584424322
0584424332
0584424522
0584424662
0584424772
0584424882
0584425224
0584425422
0584425545
0584426224
0584426266
0584426422
0584426466
0584426642
0584426646
0584427422
0584427477
0584427742
0584427747
0584428224
0584428422
0584429224
0584429422
0584429499
0584429949
0584431141
0584432334
0584432422
0584433034
0584433134
0584433143
0584433242
0584433413
0584433463
0584433473
0584433493
0584433734
0584433747
0584433843
0584433848
0584433934
0584433949
0584434003
0584434113
0584434133
0584434223
0584434233
0584434300
0584434311
0584434322
0584434332
0584434335
0584434336
0584434338
0584434366
0584434399
0584434533
0584434633
0584434663
0584434833
0584434883
0584434933
0584434993
0584435334
0584435455
0584435545
0584436334
0584436466
0584436646
0584437334
0584437433
0584437477
0584437747
0584438334
0584438388
0584438433
0584438488
0584438848
0584439399
0584439499
0584439943
0584439949
0584450045
0584450554
0584451141
0584451411
0584451455
0584451554
0584452422
0584452554
0584453433
0584453455
0584453554
0584454005
0584454055
0584454115
0584454335
0584454500
0584454552
0584454553
0584454558
0584454566
0584454588
0584454655
0584454665
0584454755
0584454775
0584454855
0584454885
0584454955
0584454995
0584455054
0584455254
0584455354
0584455475
0584455745
0584455848
0584456466
0584456645
0584457477
0584457577
0584457745
0584457747
0584458848
0584459455
0584459499
0584459554
0584459599
0584459949
0584460400
0584460664
0584461141
0584461146
0584461411
0584461466
0584461664
0584462242
0584462246
0584462422
0584462622
0584462664
0584463343
0584463433
0584463466
0584463633
0584463664
0584464006
0584464066
0584464116
0584464166
0584464336
0584464366
0584464566
0584464611
0584464655
0584464661
0584464665
0584464667
0584464668
0584464669
0584464677
0584464766
0584464776
0584464866
0584464966
0584465466
0584465546
0584466040
0584466164
0584466264
0584466346
0584466406
0584466416
0584466436
0584466476
0584466564
0584466746
0584466747
0584466949
0584466964
0584467466
0584467477
0584467664
0584467677
0584467746
0584467747
0584468466
0584468664
0584468688
0584468846
0584469466
0584469499
0584469664
0584469946
0584469949
0584470040
0584470400
0584470477
0584470774
0584471141
0584471411
0584471477
0584471711
0584471774
0584472242
0584472247
0584472477
0584472722
0584473347
0584473433
0584473477
0584473733
0584473774
0584474007
0584474117
0584474177
0584474227
0584474277
0584474337
0584474377
0584474557
0584474577
0584474667
0584474677
0584474711
0584474733
0584474755
0584474772
0584474773
0584474776
0584474778
0584474779
0584474887
0584474977
0584474997
0584475477
0584475545
0584475547
0584476466
0584476646
0584476647
0584476774
0584477141
0584477174
0584477242
0584477272
0584477343
0584477347
0584477374
0584477407
0584477417
0584477437
0584477467
0584477487
0584477497
0584477545
0584477574
0584477647
0584477674
0584477676
0584477878
0584477949
0584477974
0584478774
0584478847
0584479477
0584479499
0584479774
0584479947
0584479949
0584480040
0584481411
0584482242
0584482248
0584482422
0584482488
0584482822
0584482884
0584483343
0584483488
0584483833
0584483884
0584484188
0584484228
0584484338
0584484388
0584484688
0584484778
0584484788
0584484800
0584484822
0584484882
0584484988
0584484998
0584485455
0584485545
0584485548
0584485855
0584486466
0584486488
0584486646
0584486648
0584486866
0584486884
0584487477
0584487747
0584487748
0584487884
0584488181
0584488184
0584488284
0584488348
0584488418
0584488438
0584489488
0584489499
0584489884
0584490400
0584490994
0584491141
0584491411
0584491499
0584492242
0584492249
0584492422
0584492499
0584492922
0584492994
0584493343
0584493433
0584493499
0584493994
0584494009
0584494099
0584494119
0584494299
0584494399
0584494559
0584494599
0584494669
0584494699
0584494779
0584494799
0584494889
0584494899
0584494900
0584494911
0584494922
0584494933
0584494955
0584494977
0584494988
0584494996
0584494997
0584494998
0584495455
0584495499
0584495545
0584495549
0584495955
0584495994
0584496499
0584496646
0584496649
0584496994
0584497477
0584497747
0584497977
0584497994
0584498848
0584498849
0584498988
0584498994
0584499094
0584499194
0584499242
0584499294
0584499343
0584499349
0584499393
0584499394
0584499409
0584499459
0584499469
0584499489
0584499549
0584499649
0584499747
0584499794
0584499797
0584499894
0584500445
0584504400
0584511441
0584511455
0584511554
0584515544
0584522442
0584522445
0584522554
0584524422
0584524455
0584525544
0584534455
0584535544
0584541155
0584542255
0584544005
0584544055
0584544115
0584544225
0584544335
0584544355
0584544665
0584544855
0584544955
0584544995
0584545511
0584545599
0584550045
0584551154
0584551411
0584552442
0584552445
0584552544
0584553343
0584553345
0584553354
0584553443
0584553445
0584553544
0584554114
0584554225
0584554335
0584554465
0584554495
0584554774
0584554775
0584554994
0584554995
0584556445
0584556646
0584556654
0584557445
0584557477
0584557544
0584557577
0584557745
0584558445
0584558448
0584558544
0584558854
0584559445
0584559499
0584559599
0584559945
0584559949
0584559954
0584565544
0584566445
0584566554
0584574455
0584574477
0584575544
0584577447
0584588445
0584588554
0584594455
0584599445
0584599455
0584599554
0584600446
0584600466
0584606644
0584611441
0584611446
0584611466
0584611664
0584614466
0584616644
0584622442
0584622446
0584622466
0584622664
0584624466
0584626644
0584633443
0584633446
0584633466
0584633664
0584634433
0584634466
0584641166
0584642266
0584644166
0584644226
0584644366
0584644556
0584644566
0584644766
0584644776
0584644996
0584646611
0584646622
0584646633
0584646655
0584646688
0584646699
0584647766
0584648866
0584654466
0584655445
0584655446
0584655664
0584656644
0584660040
0584660046
0584660446
0584660644
0584661146
0584661411
0584661446
0584661644
0584662246
0584662442
0584662446
0584662622
0584662644
0584663633
0584664004
0584664114
0584664224
0584664436
0584664486
0584664496
0584664554
0584664776
0584664886
0584664994
0584664996
0584665455
0584665546
0584665564
0584667446
0584667447
0584667644
0584667746
0584668446
0584668488
0584668644
0584668846
0584668848
0584668864
0584669446
0584669449
0584669644
0584669946
0584669949
0584669964
0584674466
0584677446
0584677447
0584684488
0584686644
0584688466
0584688664
0584694499
0584696644
0584699446
0584699449
0584699466
0584699664
0584707744
0584711441
0584711447
0584711477
0584711774
0584714477
0584717744
0584722442
0584722447
0584722477
0584722774
0584724422
0584724477
0584727744
0584733774
0584734477
0584737744
0584740077
0584741177
0584743377
0584744077
0584744117
0584744227
0584744377
0584744557
0584744577
0584744677
0584744877
0584744887
0584744977
0584744997
0584747711
0584747733
0584747755
0584747766
0584749977
0584755445
0584755477
0584755774
0584757744
0584764466
0584764477
0584766446
0584766477
0584766774
0584770047
0584770074
0584771141
0584771147
0584771174
0584771411
0584771447
0584771711
0584771744
0584772274
0584772422
0584772447
0584772722
0584772744
0584773343
0584773374
0584773433
0584773443
0584774004
0584774117
0584774224
0584774227
0584774407
0584774417
0584774427
0584774467
0584774487
0584774497
0584774554
0584774664
0584774667
0584774884
0584774887
0584774997
0584775447
0584775744
0584775755
0584776446
0584776447
0584776466
0584776674
0584776766
0584778447
0584778488
0584778744
0584778788
0584779447
0584779449
0584779499
0584779947
0584779949
0584784477
0584787744
0584788447
0584788448
0584788477
0584794477
0584797744
0584799447
0584799449
0584799477
0584799774
0584811448
0584811488
0584814488
0584818844
0584822442
0584822448
0584822488
0584822884
0584824488
0584833448
0584833488
0584833884
0584834488
0584838844
0584840088
0584841188
0584842288
0584844008
0584844228
0584844338
0584844388
0584844588
0584844668
0584844688
0584844788
0584844988
0584844998
0584846688
0584848811
0584848822
0584848877
0584848899
0584854455
0584854488
0584855488
0584864488
0584866446
0584866448
0584866488
0584866884
0584868844
0584874477
0584874488
0584877447
0584877448
0584877488
0584877884
0584878844
0584880040
0584880084
0584880440
0584881141
0584881148
0584881441
0584881448
0584881844
0584882242
0584882248
0584882448
0584882844
0584883343
0584883348
0584883384
0584883433
0584883443
0584884008
0584884118
0584884224
0584884418
0584884428
0584884478
0584884554
0584884558
0584884774
0584884778
0584885445
0584885448
0584885548
0584885855
0584886448
0584886466
0584886648
0584886684
0584887448
0584887477
0584887748
0584887844
0584887877
0584889449
0584889499
0584889899
0584889949
0584898844
0584899448
0584899449
0584899488
0584899884
0584900499
0584911441
0584911449
0584911499
0584919944
0584922442
0584922449
0584922499
0584922994
0584924422
0584924499
0584929944
0584933443
0584933449
0584933499
0584933994
0584934499
0584939944
0584941199
0584942299
0584943399
0584944099
0584944119
0584944199
0584944229
0584944299
0584944339
0584944399
0584944559
0584944599
0584944669
0584944699
0584944779
0584944799
0584944889
0584944899
0584945599
0584946699
0584947799
0584948899
0584949933
0584949955
0584949966
0584949977
0584949988
0584954455
0584954499
0584955445
0584955449
0584955499
0584955994
0584959944
0584964466
0584964499
0584966446
0584966449
0584966499
0584966994
0584969944
0584974477
0584974499
0584977447
0584977449
0584977499
0584979944
0584984499
0584988449
0584988499
0584988994
0584989944
0584990400
0584990449
0584990944
0584991149
0584991411
0584991441
0584991449
0584991911
0584992242
0584992249
0584992294
0584992422
0584992922
0584992944
0584993343
0584993349
0584993433
0584993443
0584993449
0584993944
0584994004
0584994114
0584994119
0584994224
0584994229
0584994334
0584994339
0584994409
0584994419
0584994429
0584994439
0584994459
0584994479
0584994559
0584994669
0584994774
0584994779
0584994889
0584995445
0584995449
0584995549
0584995594
0584995944
0584995955
0584996649
0584996694
0584996944
0584996966
0584997447
0584997449
0584997747
0584997749
0584997794
0584997944
0584998448
0584998449
0584998488
0584998848
0584998849
0584998944
0585002055
0585002252
0585003350
0585003353
0585003533
0585003550
0585003553
0585004450
0585004550
0585005110
0585005995
0585007077
0585007750
0585007757
0585010055
0585011550
0585011551
0585015511
0585025522
0585030055
0585033005
0585033550
0585033553
0585044550
0585045500
0585045544
0585053300
0585055300
0585055440
0585055660
0585055990
0585065500
0585065566
0585066005
0585066500
0585066550
0585066556
0585075500
0585077005
0585077550
0585077557
0585080055
0585090055
0585099500
0585099550
0585099559
0585100551
0585105511
0585110015
0585110155
0585110550
0585110551
0585112155
0585112251
0585112522
0585112551
0585113155
0585113315
0585113351
0585113551
0585113553
0585114155
0585114415
0585114544
0585114551
0585114554
0585115221
0585115335
0585115441
0585115521
0585115531
0585115541
0585115561
0585115591
0585115771
0585115775
0585115881
0585115885
0585115991
0585115995
0585116155
0585116556
0585116566
0585116615
0585116656
0585117155
0585117551
0585117557
0585117715
0585117757
0585118188
0585118551
0585118558
0585118588
0585118815
0585119155
0585119551
0585119559
0585119915
0585119951
0585119959
0585121155
0585122511
0585122551
0585133115
0585135511
0585135533
0585141155
0585144551
0585144554
0585145511
0585145544
0585151100
0585152211
0585153311
0585155011
0585155311
0585155331
0585155411
0585155661
0585155711
0585155811
0585155881
0585155911
0585157711
0585161155
0585165511
0585165566
0585166115
0585166556
0585171155
0585175511
0585177115
0585177511
0585181155
0585185511
0585188115
0585188511
0585188551
0585188558
0585191155
0585195511
0585195599
0585199115
0585199551
0585199559
0585200522
0585200550
0585200552
0585202255
0585205522
0585211225
0585211552
0585212255
0585215511
0585220255
0585220552
0585221125
0585221152
0585221211
0585221551
0585223233
0585223325
0585223533
0585224244
0585224255
0585224425
0585224452
0585224454
0585224544
0585224552
0585224554
0585225112
0585225332
0585225442
0585225532
0585225542
0585225562
0585225572
0585225592
0585225662
0585225772
0585225775
0585225882
0585226255
0585226266
0585226556
0585226566
0585226656
0585227557
0585227577
0585227752
0585228288
0585228552
0585228852
0585228858
0585229255
0585229299
0585229552
0585229599
0585229952
0585232255
0585233225
0585233553
0585235533
0585242255
0585244225
0585244522
0585244552
0585245522
0585245544
0585251122
0585252266
0585252288
0585252299
0585253322
0585255022
0585255112
0585255122
0585255322
0585255332
0585255422
0585255622
0585255662
0585255822
0585255882
0585255922
0585257722
0585262255
0585265522
0585265566
0585266225
0585266522
0585266552
0585266556
0585272255
0585275522
0585277225
0585277522
0585277552
0585277557
0585282255
0585288225
0585288558
0585292255
0585295522
0585299225
0585299522
0585299552
0585300533
0585300553
0585305533
0585311533
0585311553
0585313355
0585315511
0585315533
0585322335
0585322533
0585322552
0585322553
0585323355
0585325533
0585330355
0585330550
0585330553
0585331135
0585331151
0585331311
0585331355
0585331551
0585332235
0585332252
0585332322
0585332355
0585334344
0585334435
0585334453
0585334454
0585334544
0585334553
0585335113
0585335443
0585335513
0585335543
0585335593
0585335773
0585335775
0585335883
0585335995
0585336366
0585336566
0585336635
0585336653
0585336656
0585337377
0585337553
0585337557
0585337577
0585337753
0585338388
0585338553
0585338558
0585338588
0585338835
0585338858
0585339355
0585339399
0585339553
0585339559
0585339599
0585339953
0585339959
0585344335
0585344554
0585345533
0585351133
0585353311
0585353322
0585353377
0585353399
0585354433
0585355003
0585355033
0585355113
0585355223
0585355433
0585355633
0585355663
0585355733
0585355773
0585355833
0585355883
0585355933
0585355993
0585356633
0585357733
0585358833
0585359933
0585363355
0585365533
0585365566
0585366335
0585366533
0585375533
0585375577
0585377335
0585377533
0585377553
0585377557
0585383355
0585385588
0585388335
0585388533
0585388553
0585388558
0585393355
0585395533
0585395599
0585399335
0585399533
0585399553
0585399559
0585400544
0585400554
0585404455
0585411551
0585411554
0585415511
0585415544
0585422445
0585422552
0585422554
0585424455
0585425522
0585425544
0585433544
0585433553
0585433554
0585434455
0585435533
0585435544
0585440045
0585440554
0585441145
0585441511
0585442245
0585442254
0585442422
0585442455
0585443345
0585443353
0585443433
0585443553
0585443554
0585445334
0585445514
0585445524
0585445534
0585445574
0585445884
0585445885
0585446455
0585446466
0585446554
0585446645
0585446654
0585447477
0585447554
0585447577
0585447745
0585447754
0585448455
0585448858
0585449455
0585449499
0585449554
0585449559
0585449599
0585449945
0585449954
0585449959
0585453344
0585454477
0585454488
0585454499
0585455144
0585455224
0585455334
0585455344
0585455644
0585455664
0585455774
0585455844
0585455944
0585455994
0585457744
0585458844
0585464455
0585466445
0585466544
0585466554
0585466556
0585475544
0585477544
0585485544
0585485588
0585488445
0585488544
0585488554
0585494455
0585495544
0585495599
0585499445
0585499544
0585499559
0585500205
0585500606
0585500650
0585500805
0585500905
0585501150
0585502250
0585502252
0585503353
0585503533
0585504544
0585505003
0585505004
0585505007
0585505009
0585505077
0585505330
0585505440
0585505660
0585505900
0585506566
0585507005
0585507077
0585507577
0585509099
0585509959
0585511315
0585511414
0585511415
0585511454
0585511541
0585511571
0585511615
0585511616
0585511751
0585511915
0585511951
0585512115
0585512252
0585512522
0585513115
0585513353
0585513511
0585513533
0585514115
0585514144
0585514451
0585514454
0585514511
0585515001
0585515110
0585515112
0585515113
0585515114
0585515117
0585515118
0585515133
0585515177
0585515221
0585515311
0585515331
0585515441
0585515611
0585515661
0585515711
0585515811
0585515881
0585515911
0585515991
0585516651
0585517115
0585517577
0585517751
0585517757
0585518115
0585518188
0585518851
0585519115
0585519199
0585519511
0585519599
0585520050
0585521151
0585522025
0585522050
0585522125
0585522152
0585522323
0585522352
0585522353
0585522452
0585522512
0585522532
0585522542
0585522572
0585522625
0585522725
0585522858
0585522959
0585523225
0585523353
0585523522
0585523533
0585524225
0585524244
0585524452
0585524522
0585524544
0585525122
0585525220
0585525221
0585525223
0585525227
0585525228
0585525229
0585525332
0585525422
0585525442
0585525622
0585525662
0585525772
0585525882
0585526225
0585526266
0585526566
0585527225
0585527522
0585527577
0585527757
0585528225
0585528522
0585528588
0585528852
0585529225
0585529299
0585529599
0585529952
0585529959
0585530500
0585530533
0585531151
0585531153
0585531311
0585531533
0585532252
0585532253
0585532322
0585532335
0585532522
0585532533
0585533035
0585533135
0585533435
0585533453
0585533454
0585533563
0585533583
0585533635
0585533636
0585533735
0585533753
0585533835
0585533853
0585533858
0585533935
0585533953
0585534335
0585534344
0585534454
0585534533
0585534544
0585535003
0585535113
0585535133
0585535233
0585535322
0585535331
0585535332
0585535334
0585535336
0585535337
0585535338
0585535344
0585535366
0585535377
0585535433
0585535443
0585535733
0585535773
0585535833
0585535883
0585535933
0585535993
0585536335
0585536366
0585536533
0585536566
0585536653
0585536656
0585537533
0585537753
0585537757
0585538335
0585538533
0585538588
0585539335
0585539533
0585539599
0585539953
0585539959
0585540544
0585541151
0585541154
0585541411
0585541544
0585542252
0585542422
0585542445
0585542522
0585543353
0585543354
0585543433
0585543445
0585543544
0585544045
0585544242
0585544254
0585544353
0585544354
0585544534
0585544564
0585544574
0585544584
0585544645
0585544646
0585544747
0585544754
0585544757
0585544945
0585544949
0585544954
0585545004
0585545044
0585545114
0585545144
0585545244
0585545334
0585545344
0585545411
0585545433
0585545443
0585545446
0585545447
0585545448
0585545449
0585545488
0585545644
0585545744
0585545774
0585545844
0585545884
0585545944
0585545994
0585546445
0585546566
0585546654
0585546656
0585547445
0585547477
0585547544
0585547577
0585548488
0585548544
0585548588
0585548854
0585549445
0585549499
0585549599
0585549959
0585560500
0585560566
0585561151
0585561156
0585561511
0585561566
0585561665
0585562252
0585562522
0585562566
0585562665
0585563353
0585563356
0585563533
0585563633
0585563665
0585564454
0585565006
0585565116
0585565166
0585565226
0585565266
0585565336
0585565366
0585565446
0585565466
0585565664
0585565667
0585565669
0585565886
0585565996
0585566050
0585566065
0585566151
0585566353
0585566365
0585566464
0585566526
0585566536
0585566546
0585566576
0585566596
0585566765
0585566856
0585566865
0585566956
0585566959
0585567566
0585567665
0585567757
0585568665
0585568688
0585569566
0585569599
0585569956
0585569959
0585570500
0585571151
0585571511
0585571711
0585571775
0585572252
0585572257
0585572522
0585572722
0585572775
0585573353
0585573357
0585573533
0585573577
0585573733
0585573775
0585574454
0585574457
0585574544
0585574775
0585575117
0585575177
0585575277
0585575337
0585575377
0585575447
0585575477
0585575677
0585575722
0585575733
0585575766
0585575772
0585575773
0585575774
0585575776
0585575778
0585575779
0585575877
0585575887
0585575977
0585575997
0585576566
0585576656
0585576657
0585576775
0585577157
0585577175
0585577257
0585577275
0585577353
0585577375
0585577457
0585577475
0585577507
0585577527
0585577547
0585577567
0585577587
0585577597
0585577656
0585577875
0585577957
0585578577
0585578775
0585579577
0585579599
0585579775
0585579799
0585579957
0585579959
0585581151
0585581511
0585582252
0585582522
0585582822
0585582885
0585583353
0585583358
0585583533
0585583588
0585583885
0585584454
0585584458
0585584544
0585584588
0585584844
0585584885
0585585118
0585585188
0585585388
0585585448
0585585488
0585585668
0585585688
0585585778
0585585788
0585585833
0585585882
0585585886
0585585899
0585585988
0585585998
0585586656
0585586866
0585586885
0585587588
0585587757
0585587877
0585587885
0585588181
0585588285
0585588385
0585588458
0585588518
0585588528
0585588538
0585588578
0585588785
0585588958
0585589599
0585589899
0585589959
0585590050
0585590900
0585590995
0585591151
0585591159
0585591511
0585591599
0585591911
0585591995
0585592252
0585592259
0585592522
0585592922
0585592995
0585593353
0585593359
0585593533
0585593599
0585593995
0585594454
0585594459
0585594544
0585594599
0585594944
0585594995
0585595009
0585595099
0585595119
0585595199
0585595229
0585595299
0585595339
0585595449
0585595499
0585595669
0585595699
0585595779
0585595889
0585595899
0585595922
0585595933
0585595944
0585595992
0585595993
0585595994
0585595996
0585595997
0585595998
0585596599
0585596995
0585597577
0585597599
0585597757
0585597759
0585597977
0585598588
0585598858
0585598859
0585598988
0585598995
0585599050
0585599059
0585599151
0585599159
0585599191
0585599195
0585599259
0585599295
0585599353
0585599393
0585599395
0585599454
0585599494
0585599495
0585599509
0585599529
0585599539
0585599549
0585599579
0585599656
0585599757
0585599795
0585599895
0585600556
0585605566
0585606655
0585611551
0585611566
0585615511
0585615566
0585622556
0585622566
0585622665
0585625522
0585625566
0585626655
0585633556
0585633566
0585633665
0585635533
0585635566
0585636655
0585644554
0585644556
0585644665
0585646655
0585650066
0585651166
0585653366
0585654466
0585655116
0585655166
0585655266
0585655336
0585655366
0585655766
0585655776
0585655886
0585655966
0585655996
0585656611
0585656644
0585656677
0585656688
0585656699
0585657766
0585658866
0585659966
0585660655
0585661151
0585661165
0585661556
0585661655
0585662256
0585662552
0585662556
0585662655
0585663353
0585663356
0585663533
0585663556
0585663633
0585664454
0585664465
0585664554
0585664556
0585664655
0585665335
0585665336
0585665445
0585665516
0585665526
0585665546
0585665576
0585665596
0585665776
0585665995
0585665996
0585667556
0585667557
0585667577
0585667756
0585667757
0585668556
0585668558
0585668588
0585668655
0585668688
0585668856
0585668858
0585668865
0585669556
0585669559
0585669965
0585676655
0585677556
0585677557
0585677665
0585685566
0585685588
0585688558
0585688566
0585695599
0585696655
0585699556
0585699559
0585699665
0585700550
0585700557
0585700577
0585707755
0585711551
0585711557
0585711577
0585711775
0585722552
0585722557
0585722577
0585722775
0585725522
0585725577
0585733553
0585733557
0585733577
0585733775
0585735577
0585737755
0585744554
0585744577
0585744775
0585745544
0585745577
0585747755
0585750077
0585751177
0585752277
0585753377
0585755007
0585755077
0585755117
0585755177
0585755227
0585755277
0585755337
0585755377
0585755447
0585755477
0585755877
0585755977
0585755997
0585757799
0585758877
0585765566
0585765577
0585766556
0585766577
0585766775
0585770057
0585770557
0585770755
0585771157
0585771175
0585771511
0585771557
0585772275
0585772522
0585772552
0585772557
0585772722
0585772755
0585773353
0585773357
0585773375
0585773533
0585773557
0585773755
0585774457
0585774475
0585774544
0585774554
0585774744
0585774755
0585775117
0585775335
0585775337
0585775445
0585775447
0585775507
0585775517
0585775527
0585775537
0585775597
0585775665
0585775667
0585775887
0585775995
0585775997
0585776657
0585776675
0585776766
0585778557
0585778558
0585778588
0585778788
0585779557
0585779559
0585779599
0585779755
0585779799
0585779957
0585779975
0585785577
0585785588
0585787755
0585788557
0585788558
0585795599
0585797755
0585799557
0585799559
0585799577
0585799775
0585811588
0585822552
0585822558
0585822885
0585825522
0585833553
0585833885
0585835533
0585835588
0585838855
0585844558
0585845544
0585845588
0585848855
0585855118
0585855228
0585855288
0585855338
0585855488
0585855688
0585855778
0585855788
0585855998
0585856688
0585866558
0585866885
0585875577
0585875588
0585877557
0585877558
0585877588
0585880558
0585881151
0585881511
0585881558
0585881811
0585882252
0585882285
0585882522
0585882552
0585882855
0585883358
0585883533
0585883553
0585883558
0585883833
0585883855
0585884454
0585884458
0585884485
0585884544
0585884554
0585884558
0585884855
0585885118
0585885228
0585885338
0585885445
0585885448
0585886556
0585886558
0585886566
0585886855
0585887557
0585887577
0585887758
0585887855
0585887877
0585889558
0585889559
0585889599
0585889958
0585895588
0585899558
0585899588
0585900559
0585900599
0585900995
0585905599
0585909955
0585911551
0585911559
0585911599
0585911995
0585915511
0585919955
0585922995
0585925599
0585933553
0585933559
0585933599
0585933995
0585939955
0585944554
0585944559
0585944599
0585944995
0585945599
0585949955
0585950099
0585952299
0585953399
0585954499
0585955119
0585955199
0585955229
0585955299
0585955339
0585955399
0585955449
0585955499
0585955669
0585955779
0585955799
0585955889
0585956699
0585958899
0585959900
0585959922
0585959944
0585959966
0585959977
0585959988
0585965566
0585965599
0585966556
0585966599
0585966995
0585975599
0585977559
0585977599
0585977995
0585985588
0585985599
0585988558
0585988559
0585988599
0585988995
0585990050
0585990059
0585990550
0585991151
0585991159
0585991559
0585991911
0585991955
0585992295
0585992522
0585992552
0585992559
0585992922
0585992955
0585993353
0585993359
0585993395
0585993533
0585993559
0585993933
0585993955
0585994459
0585994495
0585994544
0585994554
0585994559
0585994955
0585995119
0585995445
0585995449
0585995509
0585995549
0585995569
0585995579
0585995589
0585996559
0585996566
0585996656
0585996659
0585996955
0585996966
0585997557
0585997559
0585997795
0585997955
0585997977
0585998558
0585998559
0585998588
0585998858
0585998859
0585998895
0585998955
0585998988
0586001106
0586001161
0586001611
0586001660
0586002206
0586002260
0586003066
0586003306
0586003363
0586003633
0586004066
0586004406
0586004460
0586004644
0586005565
0586005655
0586005660
0586006110
0586006116
0586006226
0586006330
0586006336
0586007066
0586007660
0586007767
0586008688
0586008868
0586009660
0586009669
0586009906
0586009969
0586011600
0586011660
0586016600
0586016611
0586022600
0586026622
0586033006
0586033663
0586044664
0586046600
0586046644
0586055660
0586056600
0586056655
0586060055
0586061100
0586063300
0586065500
0586066110
0586066330
0586066440
0586066700
0586066900
0586066990
0586067700
0586069900
0586077006
0586077660
0586077667
0586086688
0586088668
0586099006
0586100661
0586106611
0586110061
0586110166
0586110600
0586110660
0586110661
0586112122
0586112166
0586112216
0586112261
0586112262
0586112622
0586113166
0586113316
0586113361
0586113363
0586113633
0586113661
0586113663
0586114166
0586114416
0586114461
0586114464
0586114644
0586114661
0586114664
0586115155
0586115516
0586115561
0586115565
0586115661
0586115665
0586116221
0586116226
0586116331
0586116336
0586116441
0586116551
0586116556
0586116601
0586116621
0586116641
0586116651
0586116671
0586116681
0586116691
0586116771
0586116776
0586116881
0586116886
0586117166
0586117661
0586117677
0586117716
0586117761
0586117767
0586118166
0586118188
0586118661
0586118688
0586118816
0586118868
0586119166
0586119661
0586119699
0586119916
0586119969
0586122116
0586122611
0586122661
0586126611
0586126622
0586131166
0586133116
0586133611
0586133661
0586133663
0586136633
0586141166
0586144116
0586144611
0586144661
0586144664
0586146611
0586151166
0586155116
0586155611
0586155661
0586155665
0586156611
0586156655
0586161100
0586161144
0586161177
0586161188
0586162211
0586163311
0586164411
0586166211
0586166221
0586166311
0586166331
0586166411
0586166441
0586166511
0586166711
0586166771
0586166811
0586166911
0586166991
0586167711
0586171166
0586176611
0586176677
0586177116
0586177611
0586177661
0586181166
0586186611
0586186688
0586188116
0586188611
0586188668
0586191166
0586196611
0586196699
0586199116
0586199611
0586199669
0586200662
0586202266
0586206622
0586211226
0586211622
0586211661
0586211662
0586212266
0586220062
0586221126
0586223266
0586223633
0586224266
0586224426
0586224462
0586224644
0586224664
0586225266
0586225526
0586225562
0586225655
0586225662
0586225665
0586226002
0586226006
0586226112
0586226552
0586226612
0586226632
0586226642
0586226652
0586226672
0586226682
0586226692
0586226882
0586226886
0586226996
0586227266
0586227277
0586227662
0586227667
0586227677
0586227726
0586227762
0586228266
0586228288
0586228662
0586228668
0586228688
0586228826
0586228862
0586228868
0586229266
0586229299
0586229669
0586229699
0586229926
0586229962
0586229969
0586233226
0586233662
0586236622
0586236633
0586242266
0586244226
0586244622
0586244662
0586244664
0586246622
0586246644
0586252266
0586255622
0586255662
0586255665
0586256622
0586256655
0586262255
0586262288
0586262299
0586263322
0586265522
0586266002
0586266022
0586266112
0586266122
0586266322
0586266332
0586266422
0586266442
0586266522
0586266552
0586266772
0586266822
0586266882
0586266922
0586266992
0586269922
0586282266
0586288226
0586292266
0586299662
0586300336
0586300663
0586311336
0586311633
0586311661
0586311663
0586313366
0586316611
0586316633
0586322336
0586323366
0586326622
0586326633
0586330060
0586330600
0586331161
0586331163
0586331311
0586331661
0586331663
0586332236
0586332262
0586332662
0586332663
0586334344
0586334436
0586334463
0586334464
0586334644
0586334663
0586334664
0586335355
0586335366
0586335536
0586335655
0586335665
0586336223
0586336226
0586336603
0586336613
0586336886
0586337366
0586337677
0586337763
0586337767
0586338366
0586338668
0586338688
0586338836
0586338863
0586339366
0586339969
0586344336
0586344633
0586344663
0586346633
0586346644
0586355336
0586356633
0586361133
0586362233
0586363322
0586363355
0586363377
0586363399
0586364433
0586366003
0586366033
0586366113
0586366133
0586366223
0586366233
0586366433
0586366443
0586366533
0586366773
0586366833
0586366883
0586367733
0586368833
0586376633
0586377667
0586386688
0586388336
0586388663
0586396633
0586399669
0586400660
0586411446
0586411644
0586411661
0586411664
0586416611
0586416644
0586422446
0586422644
0586422662
0586424466
0586426622
0586433446
0586433644
0586433663
0586434466
0586436633
0586436644
0586440064
0586440600
0586440664
0586441146
0586441164
0586441411
0586441661
0586442246
0586442262
0586442264
0586442422
0586442466
0586442622
0586442664
0586443346
0586443466
0586443633
0586443663
0586443664
0586445466
0586445546
0586445564
0586445655
0586445664
0586445665
0586446114
0586446224
0586446226
0586446334
0586446336
0586446556
0586446634
0586446674
0586446694
0586446774
0586446886
0586447466
0586447477
0586447664
0586447677
0586447746
0586447764
0586448466
0586448664
0586448688
0586448846
0586448864
0586448868
0586449466
0586449499
0586449664
0586449669
0586449699
0586449969
0586454466
0586455446
0586455664
0586456655
0586460044
0586461144
0586464422
0586464477
0586464488
0586466044
0586466144
0586466224
0586466244
0586466344
0586466554
0586466744
0586466774
0586466844
0586466884
0586466944
0586466994
0586467744
0586469944
0586474466
0586476644
0586476677
0586477446
0586477664
0586486644
0586486688
0586488446
0586488644
0586488664
0586494466
0586496644
0586496699
0586499644
0586499664
0586499669
0586505566
0586511556
0586511655
0586511661
0586511665
0586522556
0586522655
0586522665
0586525566
0586526622
0586526655
0586533556
0586533655
0586533665
0586535566
0586536655
0586544556
0586544655
0586544664
0586544665
0586545566
0586546644
0586550060
0586551161
0586551165
0586551511
0586551566
0586552262
0586552522
0586552622
0586552662
0586553356
0586553363
0586553566
0586553663
0586553665
0586554464
0586554566
0586554644
0586554664
0586556115
0586556225
0586556226
0586556335
0586556336
0586556625
0586556685
0586556775
0586556776
0586556885
0586556995
0586556996
0586557566
0586557577
0586557665
0586557667
0586557677
0586557756
0586558566
0586558688
0586558865
0586558868
0586559566
0586559599
0586559669
0586559699
0586559965
0586559969
0586563355
0586564455
0586565511
0586565522
0586565577
0586566055
0586566115
0586566155
0586566225
0586566255
0586566355
0586566455
0586566755
0586566775
0586566855
0586566955
0586566995
0586569955
0586575566
0586576655
0586577556
0586577655
0586577667
0586595566
0586596699
0586599556
0586599655
0586599665
0586599669
0586600161
0586600260
0586600262
0586600303
0586600565
0586600640
0586600767
0586600868
0586600906
0586601011
0586601161
0586603363
0586603633
0586604006
0586604044
0586604460
0586605055
0586605655
0586606002
0586606004
0586606022
0586606099
0586606220
0586606400
0586606550
0586607006
0586607077
0586607600
0586607760
0586607767
0586608868
0586609006
0586609600
0586609699
0586610611
0586611010
0586611016
0586611060
0586611316
0586611361
0586611414
0586611416
0586611461
0586611464
0586611641
0586611651
0586611681
0586611716
0586611717
0586611761
0586611767
0586611816
0586611861
0586611868
0586611969
0586612116
0586612261
0586612262
0586613116
0586613133
0586613361
0586613363
0586613611
0586614116
0586614461
0586614611
0586614644
0586615116
0586615561
0586615611
0586615655
0586616001
0586616011
0586616114
0586616117
0586616118
0586616119
0586616122
0586616155
0586616177
0586616221
0586616331
0586616411
0586616441
0586616511
0586616551
0586616711
0586616771
0586616811
0586616881
0586616911
0586616991
0586617177
0586617611
0586617677
0586617767
0586618188
0586618611
0586618688
0586619116
0586619611
0586619699
0586619961
0586619969
0586620060
0586620226
0586620622
0586621161
0586621162
0586621211
0586621226
0586621611
0586621622
0586622060
0586622121
0586622126
0586622161
0586622323
0586622326
0586622362
0586622426
0586622462
0586622526
0586622565
0586622612
0586622642
0586622652
0586622672
0586622682
0586622692
0586622726
0586622727
0586622762
0586622767
0586622826
0586622926
0586622969
0586623226
0586623233
0586623362
0586623363
0586623633
0586624226
0586624462
0586624622
0586624644
0586625226
0586625255
0586625562
0586625565
0586625622
0586625655
0586626002
0586626122
0586626200
0586626224
0586626228
0586626244
0586626255
0586626277
0586626322
0586626332
0586626422
0586626442
0586626522
0586626552
0586626722
0586626772
0586626822
0586626882
0586627226
0586627767
0586628226
0586628622
0586628688
0586628868
0586629226
0586629622
0586629699
0586629969
0586630060
0586630063
0586630336
0586630633
0586631161
0586631163
0586631336
0586631611
0586631633
0586632262
0586632263
0586632322
0586632336
0586632622
0586633036
0586633060
0586633163
0586633436
0586633463
0586633535
0586633536
0586633643
0586633653
0586633683
0586633693
0586633736
0586633763
0586633863
0586633868
0586633936
0586634336
0586634344
0586634464
0586634644
0586635336
0586635563
0586635633
0586635655
0586636003
0586636033
0586636113
0586636223
0586636330
0586636331
0586636332
0586636335
0586636337
0586636355
0586636377
0586636388
0586636399
0586636433
0586636733
0586636773
0586636833
0586636883
0586636933
0586636993
0586637336
0586637377
0586637633
0586637763
0586637767
0586638336
0586638388
0586638633
0586638688
0586638863
0586638868
0586639336
0586639399
0586639963
0586639969
0586640060
0586640064
0586640600
0586640644
0586641161
0586641446
0586641611
0586641644
0586642262
0586642622
0586642644
0586643363
0586643364
0586643446
0586643633
0586643644
0586644046
0586644060
0586644146
0586644164
0586644262
0586644264
0586644343
0586644346
0586644545
0586644614
0586644634
0586644654
0586644674
0586644694
0586644746
0586644846
0586644949
0586644964
0586644969
0586645446
0586645564
0586645565
0586645644
0586646114
0586646244
0586646334
0586646344
0586646422
0586646433
0586646441
0586646442
0586646443
0586646447
0586646448
0586646449
0586646455
0586646477
0586646544
0586646554
0586646744
0586646774
0586646884
0586646944
0586646994
0586647477
0586647677
0586647764
0586648446
0586649446
0586649644
0586649699
0586649964
0586649969
0586650556
0586650600
0586651161
0586651165
0586651511
0586651655
0586652265
0586652522
0586652556
0586652622
0586652655
0586653533
0586653556
0586653655
0586654464
0586654465
0586654544
0586654556
0586654644
0586654655
0586655056
0586655065
0586655151
0586655161
0586655256
0586655262
0586655635
0586655645
0586655685
0586655757
0586655868
0586655956
0586655959
0586655969
0586656055
0586656225
0586656511
0586656522
0586656544
0586656550
0586656551
0586656552
0586656553
0586656554
0586656557
0586656558
0586656559
0586656588
0586656599
0586656755
0586656775
0586656855
0586656885
0586656955
0586657556
0586657655
0586657677
0586658556
0586659655
0586659699
0586659969
0586670677
0586670776
0586671167
0586671611
0586671677
0586671776
0586672262
0586672622
0586672677
0586672776
0586673363
0586673367
0586673633
0586673733
0586673776
0586674464
0586674776
0586675565
0586675655
0586675755
0586675776
0586676117
0586676177
0586676227
0586676337
0586676377
0586676477
0586676557
0586676577
0586676700
0586676711
0586676722
0586676733
0586676744
0586676774
0586676775
0586676779
0586676799
0586676877
0586676977
0586676997
0586677262
0586677276
0586677363
0586677373
0586677467
0586677474
0586677476
0586677607
0586677637
0586677657
0586677687
0586677697
0586677867
0586677868
0586677876
0586677969
0586677979
0586678688
0586678776
0586679677
0586679799
0586679969
0586680886
0586681161
0586681168
0586681611
0586681688
0586681811
0586681886
0586682262
0586682268
0586682622
0586682822
0586682886
0586683363
0586683368
0586683633
0586683688
0586683833
0586683886
0586684464
0586684468
0586685565
0586685655
0586685886
0586686008
0586686088
0586686118
0586686188
0586686228
0586686288
0586686338
0586686448
0586686488
0586686558
0586686588
0586686778
0586686788
0586686811
0586686881
0586686883
0586686885
0586686988
0586686998
0586687677
0586687688
0586687767
0586687768
0586687886
0586688282
0586688363
0586688464
0586688468
0586688486
0586688648
0586688658
0586688678
0586688767
0586688986
0586689688
0586689699
0586690060
0586690996
0586691161
0586692262
0586692622
0586692699
0586692922
0586692996
0586693369
0586693633
0586693996
0586694464
0586694469
0586694644
0586694699
0586694944
0586694996
0586695565
0586695569
0586695699
0586695955
0586695996
0586696009
0586696099
0586696119
0586696199
0586696229
0586696299
0586696339
0586696449
0586696499
0586696779
0586696799
0586696889
0586696899
0586696911
0586696922
0586696933
0586696977
0586696991
0586696992
0586696994
0586696995
0586696997
0586696998
0586697677
0586697767
0586697977
0586697996
0586698868
0586698988
0586698996
0586699161
0586699191
0586699196
0586699262
0586699296
0586699464
0586699469
0586699494
0586699609
0586699629
0586699649
0586699659
0586699679
0586699689
0586699796
0586699896
0586700667
0586706600
0586706677
0586711661
0586711667
0586711677
0586716611
0586716677
0586722662
0586722667
0586722677
0586722776
0586726622
0586726677
0586727766
0586733667
0586733677
0586733776
0586736677
0586744664
0586744667
0586744677
0586744776
0586746644
0586747766
0586755665
0586756655
0586756677
0586757766
0586761177
0586762277
0586765577
0586766007
0586766117
0586766177
0586766337
0586766377
0586766447
0586766577
0586766877
0586766977
0586767711
0586767799
0586768877
0586769977
0586770067
0586770766
0586771161
0586771661
0586771667
0586771711
0586771766
0586772622
0586772667
0586772722
0586772766
0586773367
0586773376
0586773633
0586773663
0586773667
0586773733
0586773766
0586774464
0586774476
0586774644
0586774667
0586775567
0586775576
0586775755
0586775766
0586776007
0586776117
0586776227
0586776447
0586776556
0586776617
0586776637
0586776657
0586776687
0586776697
0586776996
0586776997
0586778667
0586778688
0586778766
0586778868
0586779669
0586779699
0586779799
0586779967
0586786688
0586788677
0586788776
0586796677
0586796699
0586797766
0586799667
0586799669
0586799677
0586799776
0586800668
0586800886
0586806600
0586808866
0586811661
0586811668
0586811688
0586811886
0586816611
0586818866
0586822662
0586822668
0586822886
0586826622
0586826688
0586828866
0586833663
0586833668
0586833688
0586836633
0586836688
0586844664
0586844668
0586844688
0586844886
0586846644
0586848866
0586855665
0586855668
0586856655
0586856688
0586860088
0586862288
0586863388
0586866008
0586866088
0586866118
0586866188
0586866228
0586866288
0586866338
0586866388
0586866488
0586866558
0586866588
0586866988
0586866998
0586868811
0586868844
0586876688
0586877688
0586877886
0586878866
0586880600
0586881161
0586881168
0586881611
0586881661
0586881668
0586882262
0586882286
0586882822
0586882866
0586883368
0586883386
0586883663
0586883668
0586883833
0586883866
0586884468
0586884844
0586884866
0586885568
0586885855
0586886116
0586886118
0586886336
0586886448
0586886618
0586886678
0586886698
0586886776
0586887668
0586887677
0586887786
0586887866
0586889899
0586896688
0586898866
0586899688
0586899886
0586911996
0586922662
0586922669
0586922699
0586926622
0586926699
0586933663
0586933699
0586936633
0586936699
0586939966
0586944664
0586944699
0586944996
0586946644
0586946699
0586949966
0586955665
0586955669
0586955699
0586955996
0586956699
0586961199
0586962299
0586963399
0586964499
0586965599
0586966009
0586966119
0586966199
0586966299
0586966399
0586966499
0586966559
0586966599
0586966779
0586966799
0586966889
0586966899
0586967799
0586968899
0586969922
0586969944
0586969955
0586969977
0586976677
0586976699
0586977667
0586977699
0586977996
0586979966
0586986688
0586986699
0586988668
0586988669
0586988699
0586989966
0586990060
0586990600
0586990966
0586991161
0586991169
0586991611
0586991661
0586991911
0586991966
0586992262
0586992269
0586992296
0586992622
0586992662
0586992669
0586992922
0586992966
0586993363
0586993396
0586993669
0586993933
0586994464
0586994469
0586994669
0586994944
0586994966
0586995565
0586995596
0586995655
0586995669
0586995955
0586995966
0586996009
0586996116
0586996119
0586996226
0586996229
0586996339
0586996559
0586996609
0586996619
0586996629
0586996659
0586996679
0586996776
0586996779
0586996886
0586997667
0586997669
0586997677
0586997796
0586997966
0586998668
0586998669
0586998869
0587002772
0587003307
0587003733
0587004744
0587005507
0587005570
0587005775
0587007220
0587007557
0587007750
0587008788
0587009799
0587022007
0587022700
0587022772
0587027700
0587027722
0587030077
0587033007
0587037700
0587037733
0587055700
0587055775
0587066007
0587066770
0587066776
0587073300
0587077110
0587077220
0587077600
0587077900
0587079900
0587088007
0587097700
0587099007
0587099779
0587110017
0587110070
0587110177
0587110771
0587112271
0587112272
0587112722
0587112772
0587113133
0587113177
0587113371
0587113373
0587113773
0587114144
0587114417
0587114474
0587114744
0587114774
0587115177
0587115575
0587115755
0587115771
0587115775
0587116166
0587116617
0587116671
0587116676
0587116766
0587116771
0587116776
0587117221
0587117337
0587117551
0587117661
0587117721
0587117731
0587117741
0587117751
0587117761
0587117781
0587117791
0587117881
0587118778
0587118788
0587119177
0587119779
0587119799
0587119971
0587122117
0587122711
0587122771
0587122772
0587127722
0587133117
0587133711
0587133771
0587133773
0587141177
0587144117
0587144711
0587144771
0587144774
0587155117
0587155711
0587155771
0587155775
0587166711
0587166771
0587166776
0587167711
0587167766
0587171122
0587171199
0587173311
0587176611
0587177211
0587177221
0587177311
0587177411
0587177811
0587177881
0587177911
0587179911
0587188117
0587188771
0587188778
0587197711
0587199117
0587199711
0587200772
0587207722
0587211227
0587211771
0587217722
0587220070
0587220277
0587221127
0587221171
0587221172
0587221711
0587221771
0587221772
0587223233
0587223277
0587223373
0587223733
0587223772
0587223773
0587224244
0587224472
0587224474
0587224774
0587225255
0587225527
0587225572
0587225755
0587225772
0587225775
0587226266
0587226277
0587226627
0587226672
0587226676
0587226766
0587226776
0587227002
0587227112
0587227332
0587227442
0587227552
0587227662
0587227667
0587227702
0587227732
0587227742
0587227752
0587227762
0587227782
0587227792
0587227882
0587227887
0587227992
0587227997
0587228277
0587228288
0587228772
0587228778
0587228827
0587228878
0587229277
0587229299
0587229772
0587229779
0587229799
0587229979
0587232277
0587233227
0587233722
0587233772
0587233773
0587237733
0587242277
0587244227
0587244722
0587244772
0587244774
0587252277
0587255722
0587255772
0587255775
0587257755
0587262277
0587266227
0587266722
0587266772
0587266776
0587272211
0587272299
0587275522
0587277112
0587277122
0587277322
0587277332
0587277442
0587277522
0587277622
0587277882
0587277922
0587279922
0587287722
0587287788
0587288227
0587288772
0587288778
0587297722
0587297799
0587299227
0587299722
0587299772
0587300733
0587300773
0587303377
0587311771
0587311773
0587313377
0587317711
0587322337
0587322733
0587322772
0587322773
0587323377
0587327733
0587330037
0587330773
0587331137
0587331173
0587331311
0587331377
0587331711
0587331771
0587331773
0587332237
0587332273
0587332722
0587332772
0587332773
0587334344
0587334377
0587334473
0587334474
0587334744
0587334774
0587335377
0587335573
0587335755
0587335773
0587336377
0587336673
0587336766
0587336773
0587337113
0587337117
0587337227
0587337703
0587337713
0587337723
0587337743
0587337753
0587337763
0587337783
0587337883
0587337887
0587337993
0587338377
0587338388
0587338773
0587338788
0587338837
0587338873
0587338878
0587339377
0587339399
0587339773
0587339779
0587339799
0587339937
0587339979
0587344337
0587344733
0587344773
0587344774
0587347733
0587347744
0587355733
0587355773
0587355775
0587357733
0587357755
0587363377
0587366337
0587366733
0587366773
0587366776
0587367733
0587367766
0587370033
0587371133
0587372233
0587373300
0587373311
0587373344
0587373355
0587373366
0587373388
0587373399
0587374433
0587377003
0587377113
0587377133
0587377433
0587377443
0587377533
0587377633
0587377883
0587377933
0587377993
0587379933
0587383377
0587387733
0587388337
0587388733
0587388773
0587388778
0587393377
0587397733
0587397799
0587399337
0587399733
0587399773
0587399779
0587400774
0587404477
0587407744
0587411447
0587411744
0587411771
0587411774
0587414477
0587422744
0587422772
0587422774
0587424477
0587427744
0587433744
0587433773
0587433774
0587437744
0587440477
0587440700
0587440774
0587441147
0587441171
0587441174
0587441411
0587441711
0587441771
0587441774
0587442247
0587442274
0587442422
0587442722
0587442774
0587443374
0587443433
0587443477
0587443733
0587443773
0587443774
0587445455
0587445547
0587445574
0587445755
0587445775
0587446466
0587446477
0587446647
0587446674
0587446676
0587446766
0587446774
0587447224
0587447227
0587447334
0587447554
0587447557
0587447704
0587447714
0587447724
0587447734
0587447754
0587447764
0587447784
0587447994
0587447997
0587448477
0587448778
0587448788
0587448847
0587448878
0587449499
0587449779
0587449799
0587449947
0587449974
0587449979
0587454477
0587455447
0587455744
0587457744
0587457755
0587464477
0587466774
0587467766
0587470044
0587471144
0587472244
0587473344
0587474400
0587474411
0587474422
0587474433
0587474455
0587474466
0587474488
0587475544
0587477044
0587477114
0587477144
0587477224
0587477244
0587477344
0587477544
0587477554
0587477644
0587477664
0587477944
0587478844
0587484477
0587488447
0587488744
0587488778
0587494477
0587497744
0587499447
0587499744
0587499774
0587499779
0587500557
0587511557
0587511771
0587511775
0587517711
0587522755
0587522772
0587522775
0587527722
0587527755
0587533557
0587533755
0587533773
0587533775
0587535577
0587544557
0587544755
0587547755
0587550700
0587550775
0587551171
0587551175
0587552257
0587552275
0587552577
0587552722
0587552772
0587552775
0587553357
0587553373
0587553375
0587553577
0587553733
0587553775
0587554474
0587554544
0587554744
0587554775
0587556577
0587556766
0587557005
0587557225
0587557337
0587557447
0587557705
0587557715
0587557735
0587557765
0587557785
0587557795
0587557995
0587557997
0587558577
0587558588
0587558775
0587558788
0587558857
0587558878
0587559599
0587559775
0587559975
0587559979
0587565577
0587566755
0587566775
0587566776
0587567766
0587573355
0587574455
0587575511
0587575599
0587577155
0587577225
0587577255
0587577355
0587577445
0587577455
0587577655
0587577855
0587577885
0587577955
0587578855
0587587788
0587588557
0587588755
0587595577
0587597755
0587597799
0587599557
0587599755
0587599775
0587599779
0587600776
0587607766
0587611667
0587611766
0587611771
0587611776
0587617711
0587622766
0587626677
0587627766
0587633667
0587633766
0587633773
0587633776
0587637733
0587637766